,Day,Month,Year,SolRadiation (MJ/m²/day),TempMin (°C),TempMax (°C),RelHumMin (%),RelHumMax (%),net radiation name,net radiation,surplus,deficit
0,1,1,2011,13.001962812500247,19.0,33.5,21,90,surplus,623295014.8613151,1.5,-0.5
1,2,1,2011,9.872774791666911,17.0,31.5,26,89,deficit,-620682425.2690738,1.3333333333333333,-0.33333333333333326
2,3,1,2011,10.605515590278014,17.5,33.0,27,95,surplus,889739138.0763388,1.25,-0.25
3,4,1,2011,10.221941458333568,19.0,33.0,38,98,surplus,3300795649.773847,1.2,-0.19999999999999996
4,5,1,2011,9.217511166666888,19.0,31.5,50,97,deficit,-14144969552.501822,1.1666666666666667,-0.16666666666666674
5,6,1,2011,10.074054826389125,21.0,32.5,23,97,deficit,-35905080317.467026,1.1428571428571428,-0.1428571428571428
6,7,1,2011,9.685897881944669,21.0,31.0,24,79,deficit,-78477429468.31924,1.125,-0.125
7,8,1,2011,11.944642500000242,18.0,32.0,16,74,deficit,-76829128844.1318,1.1111111111111112,-0.11111111111111116
8,9,1,2011,10.999201006944682,19.0,32.5,19,89,deficit,-158357793548.06915,1.1,-0.10000000000000009
9,10,1,2011,11.194006909722459,16.5,32.3,19,52,deficit,-158211236809.80048,1.0909090909090908,-0.09090909090909083
10,11,1,2011,11.686660708333575,17.5,33.0,23,64,deficit,-118485230791.83392,1.0833333333333333,-0.08333333333333326
11,12,1,2011,12.954970798611356,18.5,34.5,25,90,deficit,-47051174022.92761,1.0769230769230769,-0.07692307692307687
12,13,1,2011,11.003347361111349,22.5,34.0,29,97,deficit,-106045622090.87245,1.0714285714285714,-0.0714285714285714
13,14,1,2011,9.66451142361134,18.0,32.5,40,89,deficit,-361509849620.69147,1.0666666666666667,-0.06666666666666665
14,15,1,2011,10.970976701389127,19.0,32.0,20,55,deficit,-489438756810.6764,1.0625,-0.0625
15,16,1,2011,11.884774965278016,16.0,33.0,14,56,deficit,-433804515992.01447,1.0588235294117647,-0.05882352941176472
16,17,1,2011,10.481270451389122,16.5,31.5,19,80,deficit,-471242181737.0598,1.0555555555555556,-0.05555555555555558
17,18,1,2011,10.917874270833568,16.0,32.0,20,84,deficit,-473635413398.9438,1.0526315789473684,-0.05263157894736836
18,19,1,2011,10.640723229166902,16.0,33.5,21,90,deficit,-518714923882.9404,1.05,-0.050000000000000044
19,20,1,2011,10.498219583333565,16.5,32.5,20,95,deficit,-506674665702.37463,1.0476190476190477,-0.04761904761904767
20,21,1,2011,10.906526354166902,16.0,32.5,26,95,deficit,-455768749803.04004,1.0454545454545454,-0.045454545454545414
21,22,1,2011,10.768751006944678,16.5,33.5,28,100,deficit,-411061309070.0407,1.0434782608695652,-0.04347826086956519
22,23,1,2011,11.467520798611346,20.0,33.5,25,98,deficit,-208872409874.2125,1.0416666666666667,-0.04166666666666674
23,24,1,2011,10.836695930555784,20.0,33.0,38,98,deficit,-7824961443.213871,1.04,-0.040000000000000036
24,25,1,2011,10.069908472222437,23.0,32.5,42,95,surplus,36625473019.899506,1.0384615384615385,-0.03846153846153855
25,26,1,2011,12.10314961805579,23.0,34.0,40,96,deficit,-15820998565.545982,1.037037037037037,-0.03703703703703698
26,27,1,2011,12.23634215277801,23.5,34.0,37,95,deficit,-90505117515.4229,1.0357142857142858,-0.03571428571428581
27,28,1,2011,11.696879652778014,23.5,34.5,32,98,surplus,30670578977.35061,1.0344827586206897,-0.034482758620689724
28,29,1,2011,12.68662166666691,23.5,34.0,36,100,surplus,315471579794.2719,1.0333333333333334,-0.03333333333333344
29,30,1,2011,10.51793295138912,24.0,34.0,44,98,surplus,180242163991.03775,1.032258064516129,-0.032258064516129004
30,31,1,2011,16.329,24.0,33.9,41,96,surplus,194391560066.49628,1.03125,-0.03125
31,1,2,2011,10.852041805555787,24.0,34.0,42,94,surplus,623295014.8613151,1.5,-0.5
32,2,2,2011,11.071653090278003,24.0,34.0,44,95,deficit,-620682425.2690738,1.3333333333333333,-0.33333333333333326
33,3,2,2011,9.332512118055782,24.0,32.0,50,95,surplus,889739138.0763388,1.25,-0.25
34,4,2,2011,9.972796493055787,23.5,33.0,38,95,surplus,3300795649.773847,1.2,-0.19999999999999996
35,5,2,2011,10.620718888889119,24.0,33.0,20,90,deficit,-14144969552.501822,1.1666666666666667,-0.16666666666666674
36,6,2,2011,13.250525833333578,21.5,34.0,32,95,deficit,-35905080317.467026,1.1428571428571428,-0.1428571428571428
37,7,2,2011,27.791018819444353,22.0,35.5,26,97,deficit,-78477429468.31924,1.125,-0.125
38,8,2,2011,13.282241805555513,23.5,35.0,28,95,deficit,-76829128844.1318,1.1111111111111112,-0.11111111111111116
39,9,2,2011,12.861059513888847,24.0,34.5,34,95,deficit,-158357793548.06915,1.1,-0.10000000000000009
40,10,2,2011,8.334986597222237,23.0,33.5,42,100,deficit,-158211236809.80048,1.0909090909090908,-0.09090909090909083
41,11,2,2011,14.392300833333287,21.0,33.5,42,100,deficit,-118485230791.83392,1.0833333333333333,-0.08333333333333326
42,12,2,2011,11.63024701388885,21.0,32.0,57,100,deficit,-47051174022.92761,1.0769230769230769,-0.07692307692307687
43,13,2,2011,11.773550833333292,24.0,33.5,48,100,deficit,-106045622090.87245,1.0714285714285714,-0.0714285714285714
44,14,2,2011,17.241646319444396,24.0,34.0,36,97,deficit,-361509849620.69147,1.0666666666666667,-0.06666666666666665
45,15,2,2011,14.55888243055551,22.0,33.0,45,98,deficit,-489438756810.6764,1.0625,-0.0625
46,16,2,2011,16.891752222222173,23.0,35.0,31,95,deficit,-433804515992.01447,1.0588235294117647,-0.05882352941176472
47,17,2,2011,15.444892847222176,24.0,35.0,34,95,deficit,-471242181737.0598,1.0555555555555556,-0.05555555555555558
48,18,2,2011,12.62464458333329,23.0,34.5,49,92,deficit,-473635413398.9438,1.0526315789473684,-0.05263157894736836
49,19,2,2011,17.185634166666613,22.0,35.0,30,99,deficit,-518714923882.9404,1.05,-0.050000000000000044
50,20,2,2011,16.955038680555507,22.0,34.5,39,95,deficit,-506674665702.37463,1.0476190476190477,-0.04761904761904767
51,21,2,2011,12.695932777777731,24.0,34.5,45,100,deficit,-455768749803.04004,1.0454545454545454,-0.045454545454545414
52,22,2,2011,12.424601180555516,22.0,33.0,55,98,deficit,-411061309070.0407,1.0434782608695652,-0.04347826086956519
53,23,2,2011,7.897073402777792,23.0,30.5,60,100,deficit,-208872409874.2125,1.0416666666666667,-0.04166666666666674
54,24,2,2011,12.954898055555514,23.5,32.5,41,98,deficit,-7824961443.213871,1.04,-0.040000000000000036
55,25,2,2011,15.361965763888843,22.5,33.0,45,95,surplus,36625473019.899506,1.0384615384615385,-0.03846153846153855
56,26,2,2011,11.28253520833329,23.5,34.0,44,100,deficit,-15820998565.545982,1.037037037037037,-0.03703703703703698
57,27,2,2011,18.500101180555504,21.5,34.0,44,100,deficit,-90505117515.4229,1.0357142857142858,-0.03571428571428581
58,28,2,2011,19.078408472222172,21.0,34.5,20,96,surplus,30670578977.35061,1.0344827586206897,-0.034482758620689724
59,1,3,2011,15.414340763888841,21.0,33.0,39,95,surplus,623295014.8613151,1.5,-0.5
60,2,3,2011,14.273002222222178,24.0,33.5,44,98,deficit,-620682425.2690738,1.3333333333333333,-0.33333333333333326
61,3,3,2011,14.191529999999958,24.0,34.5,47,100,surplus,889739138.0763388,1.25,-0.25
62,4,3,2011,16.007924097222176,21.5,33.0,56,98,surplus,3300795649.773847,1.2,-0.19999999999999996
63,5,3,2011,15.121913680555512,22.0,33.5,48,99,deficit,-14144969552.501822,1.1666666666666667,-0.16666666666666674
64,6,3,2011,14.09405430555551,24.5,33.0,55,98,deficit,-35905080317.467026,1.1428571428571428,-0.1428571428571428
65,7,3,2011,17.133259166666615,24.0,34.5,46,95,deficit,-78477429468.31924,1.125,-0.125
66,8,3,2011,14.542151527777737,25.0,33.0,59,98,deficit,-76829128844.1318,1.1111111111111112,-0.11111111111111116
67,9,3,2011,15.913358124999952,23.0,33.0,55,98,deficit,-158357793548.06915,1.1,-0.10000000000000009
68,10,3,2011,16.933943194444396,24.0,34.0,51,95,deficit,-158211236809.80048,1.0909090909090908,-0.09090909090909083
69,11,3,2011,16.007196666666616,25.0,34.0,48,93,deficit,-118485230791.83392,1.0833333333333333,-0.08333333333333326
70,12,3,2011,17.662101180555506,25.0,34.5,45,95,deficit,-47051174022.92761,1.0769230769230769,-0.07692307692307687
71,13,3,2011,17.27074354166662,25.0,35.0,45,95,deficit,-106045622090.87245,1.0714285714285714,-0.0714285714285714
72,14,3,2011,15.781693194444395,25.0,35.0,43,98,deficit,-361509849620.69147,1.0666666666666667,-0.06666666666666665
73,15,3,2011,17.53261854166662,24.0,33.5,46,94,deficit,-489438756810.6764,1.0625,-0.0625
74,16,3,2011,16.66261159722217,24.0,33.5,51,94,deficit,-433804515992.01447,1.0588235294117647,-0.05882352941176472
75,17,3,2011,18.301512638888834,24.0,34.5,36,95,deficit,-471242181737.0598,1.0555555555555556,-0.05555555555555558
76,18,3,2011,19.423937986111063,24.0,36.0,30,94,deficit,-473635413398.9438,1.0526315789473684,-0.05263157894736836
77,19,3,2011,19.034035208333282,24.0,35.0,39,95,deficit,-518714923882.9404,1.05,-0.050000000000000044
78,20,3,2011,16.97104215277773,24.0,33.5,45,95,deficit,-506674665702.37463,1.0476190476190477,-0.04761904761904767
79,21,3,2011,18.627401527777725,23.5,33.5,44,95,deficit,-455768749803.04004,1.0454545454545454,-0.045454545454545414
80,22,3,2011,15.996285208333285,23.5,34.5,44,98,deficit,-411061309070.0407,1.0434782608695652,-0.04347826086956519
81,23,3,2011,13.68960291666662,21.5,32.0,63,100,deficit,-208872409874.2125,1.0416666666666667,-0.04166666666666674
82,24,3,2011,19.641439722222167,22.0,33.0,45,93,deficit,-7824961443.213871,1.04,-0.040000000000000036
83,25,3,2011,13.151304305555511,22.1,31.5,60,95,surplus,36625473019.899506,1.0384615384615385,-0.03846153846153855
84,26,3,2011,19.106778263888835,26.5,34.0,43,95,deficit,-15820998565.545982,1.037037037037037,-0.03703703703703698
85,27,3,2011,17.486790416666615,23.0,33.0,51,95,deficit,-90505117515.4229,1.0357142857142858,-0.03571428571428581
86,28,3,2011,17.336939722222173,23.0,34.0,43,95,surplus,30670578977.35061,1.0344827586206897,-0.034482758620689724
87,29,3,2011,17.82577305555551,24.0,33.5,38,95,surplus,315471579794.2719,1.0333333333333334,-0.03333333333333344
88,30,3,2011,17.564625486111062,24.0,34.0,41,94,surplus,180242163991.03775,1.032258064516129,-0.032258064516129004
89,31,3,2011,19.955689722222168,25.0,34.5,40,94,surplus,194391560066.49628,1.03125,-0.03125
90,1,4,2011,18.82051979166661,24.5,35.0,38,93,surplus,623295014.8613151,1.5,-0.5
91,2,4,2011,17.16817583333328,25.0,34.0,45,92,deficit,-620682425.2690738,1.3333333333333333,-0.33333333333333326
92,3,4,2011,20.619106388888834,22.0,35.0,39,98,surplus,889739138.0763388,1.25,-0.25
93,4,4,2011,10.582019583333299,22.0,33.0,64,94,surplus,3300795649.773847,1.2,-0.19999999999999996
94,5,4,2011,18.597576874999948,22.0,33.0,47,94,deficit,-14144969552.501822,1.1666666666666667,-0.16666666666666674
95,6,4,2011,19.354104652777725,23.5,34.5,32,92,deficit,-35905080317.467026,1.1428571428571428,-0.1428571428571428
96,7,4,2011,19.04494666666661,24.5,35.0,29,90,deficit,-78477429468.31924,1.125,-0.125
97,8,4,2011,16.947036944444395,24.5,35.0,35,89,deficit,-76829128844.1318,1.1111111111111112,-0.11111111111111116
98,9,4,2011,14.931326874999948,22.5,33.5,52,100,deficit,-158357793548.06915,1.1,-0.10000000000000009
99,10,4,2011,14.985884166666617,22.0,30.0,60,95,deficit,-158211236809.80048,1.0909090909090908,-0.09090909090909083
100,11,4,2011,17.314389374999948,22.0,32.5,53,94,deficit,-118485230791.83392,1.0833333333333333,-0.08333333333333326
101,12,4,2011,13.968208819444401,24.0,32.0,54,92,deficit,-47051174022.92761,1.0769230769230769,-0.07692307692307687
102,13,4,2011,13.371715763888838,24.0,33.2,50,95,deficit,-106045622090.87245,1.0714285714285714,-0.0714285714285714
103,14,4,2011,15.581649791666614,22.0,32.0,54,92,deficit,-361509849620.69147,1.0666666666666667,-0.06666666666666665
104,15,4,2011,17.92906819444439,22.5,33.0,55,92,deficit,-489438756810.6764,1.0625,-0.0625
105,16,4,2011,16.170868541666618,24.5,33.0,46,96,deficit,-433804515992.01447,1.0588235294117647,-0.05882352941176472
106,17,4,2011,9.847314722222194,23.0,31.0,60,96,deficit,-471242181737.0598,1.0555555555555556,-0.05555555555555558
107,18,4,2011,14.253361597222177,21.0,32.0,55,95,deficit,-473635413398.9438,1.0526315789473684,-0.05263157894736836
108,19,4,2011,18.543747013888837,21.5,34.0,45,95,deficit,-518714923882.9404,1.05,-0.050000000000000044
109,20,4,2011,16.295986597222175,24.0,33.0,50,94,deficit,-506674665702.37463,1.0476190476190477,-0.04761904761904767
110,21,4,2011,14.08677999999995,24.0,33.5,50,95,deficit,-455768749803.04004,1.0454545454545454,-0.045454545454545414
111,22,4,2011,15.227391111111062,24.0,35.0,44,94,deficit,-411061309070.0407,1.0434782608695652,-0.04347826086956519
112,23,4,2011,14.509417152777733,24.5,33.2,54,99,deficit,-208872409874.2125,1.0416666666666667,-0.04166666666666674
113,24,4,2011,14.06131993055551,24.0,31.5,57,98,deficit,-7824961443.213871,1.04,-0.040000000000000036
114,25,4,2011,6.629889375000016,24.0,28.5,68,99,surplus,36625473019.899506,1.0384615384615385,-0.03846153846153855
115,26,4,2011,18.325517847222173,21.0,33.5,42,95,deficit,-15820998565.545982,1.037037037037037,-0.03703703703703698
116,27,4,2011,17.088158472222165,22.0,34.0,48,94,deficit,-90505117515.4229,1.0357142857142858,-0.03571428571428581
117,28,4,2011,10.221941458333292,24.0,32.1,57,94,surplus,30670578977.35061,1.0344827586206897,-0.034482758620689724
118,29,4,2011,15.563464027777728,22.2,31.0,55,95,surplus,315471579794.2719,1.0333333333333334,-0.03333333333333344
119,30,4,2011,7.437715555555567,22.5,27.0,70,99,surplus,180242163991.03775,1.032258064516129,-0.032258064516129004
120,1,5,2011,19.037672361111056,22.0,28.5,46,97,surplus,623295014.8613151,1.5,-0.5
121,2,5,2011,14.4854119444444,21.2,34.0,54,96,deficit,-620682425.2690738,1.3333333333333333,-0.33333333333333326
122,3,5,2011,15.71040499999995,23.0,34.0,52,95,surplus,889739138.0763388,1.25,-0.25
123,4,5,2011,18.647042152777725,22.1,33.5,42,95,surplus,3300795649.773847,1.2,-0.19999999999999996
124,5,5,2011,17.13398659722217,22.0,33.5,49,94,deficit,-14144969552.501822,1.1666666666666667,-0.16666666666666674
125,6,5,2011,14.437401527777734,24.0,34.0,45,95,deficit,-35905080317.467026,1.1428571428571428,-0.1428571428571428
126,7,5,2011,16.395644583333283,25.0,35.0,50,97,deficit,-78477429468.31924,1.125,-0.125
127,8,5,2011,16.125767847222175,25.5,33.5,53,97,deficit,-76829128844.1318,1.1111111111111112,-0.11111111111111116
128,9,5,2011,16.48584597222217,21.5,29.5,60,95,deficit,-158357793548.06915,1.1,-0.10000000000000009
129,10,5,2011,16.82119145833328,22.0,33.0,50,98,deficit,-158211236809.80048,1.0909090909090908,-0.09090909090909083
130,11,5,2011,17.032873749999947,22.0,32.5,47,95,deficit,-118485230791.83392,1.0833333333333333,-0.08333333333333326
131,12,5,2011,13.249507430555505,23.0,32.0,55,95,deficit,-47051174022.92761,1.0769230769230769,-0.07692307692307687
132,13,5,2011,17.516615069444395,23.5,34.0,47,98,deficit,-106045622090.87245,1.0714285714285714,-0.0714285714285714
133,14,5,2011,7.835241805555569,22.0,29.0,65,95,deficit,-361509849620.69147,1.0666666666666667,-0.06666666666666665
134,15,5,2011,15.762052569444393,22.0,32.0,51,99,deficit,-489438756810.6764,1.0625,-0.0625
135,16,5,2011,18.921283472222168,22.0,34.0,54,95,deficit,-433804515992.01447,1.0588235294117647,-0.05882352941176472
136,17,5,2011,12.709753958333287,21.0,33.0,59,98,deficit,-471242181737.0598,1.0555555555555556,-0.05555555555555558
137,18,5,2011,12.26456645833329,23.5,32.0,60,98,deficit,-473635413398.9438,1.0526315789473684,-0.05263157894736836
138,19,5,2011,16.22760812499995,23.5,32.0,55,96,deficit,-518714923882.9404,1.05,-0.050000000000000044
139,20,5,2011,14.575613333333287,24.0,33.0,49,96,deficit,-506674665702.37463,1.0476190476190477,-0.04761904761904767
140,21,5,2011,17.936342499999945,24.0,33.5,55,99,deficit,-455768749803.04004,1.0454545454545454,-0.045454545454545414
141,22,5,2011,15.021528263888843,25.0,32.2,55,100,deficit,-411061309070.0407,1.0434782608695652,-0.04347826086956519
142,23,5,2011,16.34108729166662,23.5,32.0,54,96,deficit,-208872409874.2125,1.0416666666666667,-0.04166666666666674
143,24,5,2011,18.84126611111106,23.5,33.0,50,95,deficit,-7824961443.213871,1.04,-0.040000000000000036
144,25,5,2011,12.91052479166662,24.0,32.0,57,99,surplus,36625473019.899506,1.0384615384615385,-0.03846153846153855
145,26,5,2011,14.684000486111064,21.0,31.0,55,98,deficit,-15820998565.545982,1.037037037037037,-0.03703703703703698
146,27,5,2011,11.27380604166663,21.0,31.0,60,97,deficit,-90505117515.4229,1.0357142857142858,-0.03571428571428581
147,28,5,2011,14.958241805555499,23.0,32.0,56,100,surplus,30670578977.35061,1.0344827586206897,-0.034482758620689724
148,29,5,2011,19.278451874999945,22.5,32.5,52,100,surplus,315471579794.2719,1.0333333333333334,-0.03333333333333344
149,30,5,2011,10.067726180555528,21.5,28.0,75,100,surplus,180242163991.03775,1.032258064516129,-0.032258064516129004
150,31,5,2011,14.521056041666625,22.0,31.0,59,95,surplus,194391560066.49628,1.03125,-0.03125
151,1,6,2011,13.960207083333284,22.0,30.5,61,95,surplus,623295014.8613151,1.5,-0.5
152,2,6,2011,18.068734861111054,23.5,33.0,53,96,deficit,-620682425.2690738,1.3333333333333333,-0.33333333333333326
153,3,6,2011,15.806425833333286,24.0,33.0,58,96,surplus,889739138.0763388,1.25,-0.25
154,4,6,2011,11.863024791666618,24.2,31.5,62,100,surplus,3300795649.773847,1.2,-0.19999999999999996
155,5,6,2011,17.18999874999995,21.5,30.5,58,100,deficit,-14144969552.501822,1.1666666666666667,-0.16666666666666674
156,6,6,2011,19.533052569444397,21.5,32.5,54,97,deficit,-35905080317.467026,1.1428571428571428,-0.1428571428571428
157,7,6,2011,11.518950138888846,22.5,31.0,63,95,deficit,-78477429468.31924,1.125,-0.125
158,8,6,2011,10.86062548611108,23.0,30.0,63,95,deficit,-76829128844.1318,1.1111111111111112,-0.11111111111111116
159,9,6,2011,13.257509166666622,23.0,29.5,67,98,deficit,-158357793548.06915,1.1,-0.10000000000000009
160,10,6,2011,17.91233729166661,22.0,31.5,51,98,deficit,-158211236809.80048,1.0909090909090908,-0.09090909090909083
161,11,6,2011,17.6228199305555,21.5,30.0,60,99,deficit,-118485230791.83392,1.0833333333333333,-0.08333333333333326
162,12,6,2011,16.37454909722217,23.5,31.5,57,100,deficit,-47051174022.92761,1.0769230769230769,-0.07692307692307687
163,13,6,2011,17.849778263888837,22.5,31.5,50,98,deficit,-106045622090.87245,1.0714285714285714,-0.0714285714285714
164,14,6,2011,13.787806041666622,23.0,31.5,56,95,deficit,-361509849620.69147,1.0666666666666667,-0.06666666666666665
165,15,6,2011,15.282675833333286,23.5,31.0,62,100,deficit,-489438756810.6764,1.0625,-0.0625
166,16,6,2011,15.956276527777728,22.0,30.0,61,95,deficit,-433804515992.01447,1.0588235294117647,-0.05882352941176472
167,17,6,2011,14.835306041666618,23.5,30.5,66,97,deficit,-471242181737.0598,1.0555555555555556,-0.05555555555555558
168,18,6,2011,12.652286944444404,22.0,29.0,58,100,deficit,-473635413398.9438,1.0526315789473684,-0.05263157894736836
169,19,6,2011,13.692512638888843,21.0,31.0,60,98,deficit,-518714923882.9404,1.05,-0.050000000000000044
170,20,6,2011,14.235903263888847,22.5,31.5,60,95,deficit,-506674665702.37463,1.0476190476190477,-0.04761904761904767
171,21,6,2011,10.876628958333288,23.5,31.0,65,100,deficit,-455768749803.04004,1.0454545454545454,-0.045454545454545414
172,22,6,2011,9.29519493055557,23.0,27.5,78,96,deficit,-411061309070.0407,1.0434782608695652,-0.04347826086956519
173,23,6,2011,14.609802569444392,23.0,30.5,60,96,deficit,-208872409874.2125,1.0416666666666667,-0.04166666666666674
174,24,6,2011,10.413255694444407,23.5,28.0,68,99,deficit,-7824961443.213871,1.04,-0.040000000000000036
175,25,6,2011,11.74008902777774,21.5,30.0,63,95,surplus,36625473019.899506,1.0384615384615385,-0.03846153846153855
176,26,6,2011,13.253872013888843,22.0,30.6,66,99,deficit,-15820998565.545982,1.037037037037037,-0.03703703703703698
177,27,6,2011,18.42663069444439,21.0,30.0,63,95,deficit,-90505117515.4229,1.0357142857142858,-0.03571428571428581
178,28,6,2011,12.361314722222186,21.0,30.0,65,94,surplus,30670578977.35061,1.0344827586206897,-0.034482758620689724
179,29,6,2011,11.815741805555518,22.5,28.0,69,94,surplus,315471579794.2719,1.0333333333333334,-0.03333333333333344
180,30,6,2011,13.31934076388884,22.0,30.0,60,92,surplus,180242163991.03775,1.032258064516129,-0.032258064516129004
181,1,7,2011,15.348872013888839,21.5,30.0,61,92,surplus,623295014.8613151,1.5,-0.5
182,2,7,2011,10.28304562499997,23.5,29.5,68,95,deficit,-620682425.2690738,1.3333333333333333,-0.33333333333333326
183,3,7,2011,14.096236597222177,21.0,27.0,67,96,surplus,889739138.0763388,1.25,-0.25
184,4,7,2011,14.94805777777773,20.5,30.0,60,90,surplus,3300795649.773847,1.2,-0.19999999999999996
185,5,7,2011,11.866661944444399,22.0,30.0,65,94,deficit,-14144969552.501822,1.1666666666666667,-0.16666666666666674
186,6,7,2011,13.625589027777734,22.0,29.5,63,90,deficit,-35905080317.467026,1.1428571428571428,-0.1428571428571428
187,7,7,2011,7.274392847222238,22.5,28.0,77,93,deficit,-78477429468.31924,1.125,-0.125
188,8,7,2011,14.102056041666627,22.2,31.0,58,90,deficit,-76829128844.1318,1.1111111111111112,-0.11111111111111116
189,9,7,2011,12.62973659722218,23.0,30.0,65,97,deficit,-158357793548.06915,1.1,-0.10000000000000009
190,10,7,2011,3.808186250000014,23.5,25.5,83,96,deficit,-158211236809.80048,1.0909090909090908,-0.09090909090909083
191,11,7,2011,9.422495277777793,21.5,26.5,77,93,deficit,-118485230791.83392,1.0833333333333333,-0.08333333333333326
192,12,7,2011,11.15377999999997,21.0,28.5,64,91,deficit,-47051174022.92761,1.0769230769230769,-0.07692307692307687
193,13,7,2011,14.383571666666619,22.5,28.5,62,93,deficit,-106045622090.87245,1.0714285714285714,-0.0714285714285714
194,14,7,2011,5.440540416666683,22.5,25.5,80,95,deficit,-361509849620.69147,1.0666666666666667,-0.06666666666666665
195,15,7,2011,9.159165416666681,21.5,26.5,70,92,deficit,-489438756810.6764,1.0625,-0.0625
196,16,7,2011,14.17698138888884,21.5,29.0,64,95,deficit,-433804515992.01447,1.0588235294117647,-0.05882352941176472
197,17,7,2011,9.615991805555534,22.1,28.0,72,78,deficit,-471242181737.0598,1.0555555555555556,-0.05555555555555558
198,18,7,2011,16.207967499999953,20.0,30.0,54,95,deficit,-473635413398.9438,1.0526315789473684,-0.05263157894736836
199,19,7,2011,9.572345972222202,20.5,29.5,63,92,deficit,-518714923882.9404,1.05,-0.050000000000000044
200,20,7,2011,6.453123750000014,22.0,28.0,75,94,deficit,-506674665702.37463,1.0476190476190477,-0.04761904761904767
201,21,7,2011,7.614830347222236,21.5,27.5,71,94,deficit,-455768749803.04004,1.0454545454545454,-0.045454545454545414
202,22,7,2011,9.842222708333308,22.0,28.2,72,93,deficit,-411061309070.0407,1.0434782608695652,-0.04347826086956519
203,23,7,2011,10.94427999999996,21.5,28.0,65,94,deficit,-208872409874.2125,1.0416666666666667,-0.04166666666666674
204,24,7,2011,10.828618541666637,21.2,28.0,68,94,deficit,-7824961443.213871,1.04,-0.040000000000000036
205,25,7,2011,8.831094236111127,22.0,27.0,67,95,surplus,36625473019.899506,1.0384615384615385,-0.03846153846153855
206,26,7,2011,3.9922261805555674,22.0,25.0,85,96,deficit,-15820998565.545982,1.037037037037037,-0.03703703703703698
207,27,7,2011,7.081623750000013,21.0,26.0,75,93,deficit,-90505117515.4229,1.0357142857142858,-0.03571428571428581
208,28,7,2011,11.337092499999965,22.0,29.0,59,95,surplus,30670578977.35061,1.0344827586206897,-0.034482758620689724
209,29,7,2011,7.237293888888903,21.5,26.5,70,94,surplus,315471579794.2719,1.0333333333333334,-0.03333333333333344
210,30,7,2011,8.636870277777792,21.5,27.0,69,94,surplus,180242163991.03775,1.032258064516129,-0.032258064516129004
211,31,7,2011,12.012148055555521,21.5,28.5,64,96,surplus,194391560066.49628,1.03125,-0.03125
212,1,8,2011,5.32415152777779,21.5,26.0,80,96,surplus,623295014.8613151,1.5,-0.5
213,2,8,2011,11.627191805555517,21.0,28.0,66,95,deficit,-620682425.2690738,1.3333333333333333,-0.33333333333333326
214,3,8,2011,16.298896319444395,21.0,30.0,57,92,surplus,889739138.0763388,1.25,-0.25
215,4,8,2011,7.796687986111127,21.0,28.0,68,91,surplus,3300795649.773847,1.2,-0.19999999999999996
216,5,8,2011,9.331566458333349,22.5,27.0,72,95,deficit,-14144969552.501822,1.1666666666666667,-0.16666666666666674
217,6,8,2011,6.467672361111123,22.0,25.5,81,98,deficit,-35905080317.467026,1.1428571428571428,-0.1428571428571428
218,7,8,2011,6.203615069444457,22.0,27.0,80,96,deficit,-78477429468.31924,1.125,-0.125
219,8,8,2011,8.649964027777791,22.0,27.0,73,95,deficit,-76829128844.1318,1.1111111111111112,-0.11111111111111116
220,9,8,2011,8.931479652777792,21.5,26.5,70,95,deficit,-158357793548.06915,1.1,-0.10000000000000009
221,10,8,2011,11.962682777777742,22.0,29.5,58,94,deficit,-158211236809.80048,1.0909090909090908,-0.09090909090909083
222,11,8,2011,13.347710555555516,22.0,29.5,63,94,deficit,-118485230791.83392,1.0833333333333333,-0.08333333333333326
223,12,8,2011,6.264719236111123,22.0,27.0,75,95,deficit,-47051174022.92761,1.0769230769230769,-0.07692307692307687
224,13,8,2011,4.912425833333347,22.0,26.0,82,98,deficit,-106045622090.87245,1.0714285714285714,-0.0714285714285714
225,14,8,2011,6.588425833333347,22.5,26.5,76,97,deficit,-361509849620.69147,1.0666666666666667,-0.06666666666666665
226,15,8,2011,7.091080347222237,22.0,26.5,75,98,deficit,-489438756810.6764,1.0625,-0.0625
227,16,8,2011,12.93962201388885,22.0,29.0,60,95,deficit,-433804515992.01447,1.0588235294117647,-0.05882352941176472
228,17,8,2011,8.817273055555571,22.0,27.0,70,95,deficit,-471242181737.0598,1.0555555555555556,-0.05555555555555558
229,18,8,2011,13.333161944444404,22.0,28.5,60,94,deficit,-473635413398.9438,1.0526315789473684,-0.05263157894736836
230,19,8,2011,11.478941458333294,22.0,29.0,55,95,deficit,-518714923882.9404,1.05,-0.050000000000000044
231,20,8,2011,17.631549097222173,21.0,30.0,55,98,deficit,-506674665702.37463,1.0476190476190477,-0.04761904761904767
232,21,8,2011,17.878148055555503,20.5,30.0,56,98,deficit,-455768749803.04004,1.0454545454545454,-0.045454545454545414
233,22,8,2011,5.017175833333348,21.0,25.0,81,100,deficit,-411061309070.0407,1.0434782608695652,-0.04347826086956519
234,23,8,2011,9.699646319444419,21.5,27.5,70,95,deficit,-208872409874.2125,1.0416666666666667,-0.04166666666666674
235,24,8,2011,16.32362895833328,22.0,29.5,63,96,deficit,-7824961443.213871,1.04,-0.040000000000000036
236,25,8,2011,11.920491805555521,22.0,30.0,61,95,surplus,36625473019.899506,1.0384615384615385,-0.03846153846153855
237,26,8,2011,7.978545625000014,22.1,28.0,70,100,deficit,-15820998565.545982,1.037037037037037,-0.03703703703703698
238,27,8,2011,12.653741805555514,21.0,27.5,67,97,deficit,-90505117515.4229,1.0357142857142858,-0.03571428571428581
239,28,8,2011,8.92347791666668,21.5,27.5,71,99,surplus,30670578977.35061,1.0344827586206897,-0.034482758620689724
240,29,8,2011,11.492384375,22.0,30.0,63,95,surplus,315471579794.2719,1.0333333333333334,-0.03333333333333344
241,30,8,2011,11.284559543650776,22.0,26.0,79,96,surplus,180242163991.03775,1.032258064516129,-0.032258064516129004
242,31,8,2011,11.510975718537397,21.5,26.0,85,95,surplus,194391560066.49628,1.03125,-0.03125
243,1,9,2011,12.218010902777735,22.0,27.5,70,96,surplus,623295014.8613151,1.5,-0.5
244,2,9,2011,9.515606388888903,22.0,28.5,68,95,deficit,-620682425.2690738,1.3333333333333333,-0.33333333333333326
245,3,9,2011,11.966319930555514,22.0,29.0,68,96,surplus,889739138.0763388,1.25,-0.25
246,4,9,2011,11.966319930555521,22.5,28.5,65,98,surplus,3300795649.773847,1.2,-0.19999999999999996
247,5,9,2011,15.488538680555507,21.0,29.0,60,97,deficit,-14144969552.501822,1.1666666666666667,-0.16666666666666674
248,6,9,2011,11.131957083333297,22.0,29.0,64,95,deficit,-35905080317.467026,1.1428571428571428,-0.1428571428571428
249,7,9,2011,11.293999999999999,22.1,30.5,58,94,deficit,-78477429468.31924,1.125,-0.125
250,8,9,2011,14.23525,23.0,29.0,65,95,deficit,-76829128844.1318,1.1111111111111112,-0.11111111111111116
251,9,9,2011,12.22828457341268,22.2,29.0,65,96,deficit,-158357793548.06915,1.1,-0.10000000000000009
252,10,9,2011,16.941,22.2,30.5,57,96,deficit,-158211236809.80048,1.0909090909090908,-0.09090909090909083
253,11,9,2011,13.529375,23.0,28.0,73,96,deficit,-118485230791.83392,1.0833333333333333,-0.08333333333333326
254,12,9,2011,16.941,22.5,30.0,63,95,deficit,-47051174022.92761,1.0769230769230769,-0.07692307692307687
255,13,9,2011,15.647,23.0,32.2,53,96,deficit,-106045622090.87245,1.0714285714285714,-0.0714285714285714
256,14,9,2011,14.23525,23.1,31.0,59,97,deficit,-361509849620.69147,1.0666666666666667,-0.06666666666666665
257,15,9,2011,13.529375,22.0,27.5,75,96,deficit,-489438756810.6764,1.0625,-0.0625
258,16,9,2011,14.721612081916096,22.5,30.0,49,95,deficit,-433804515992.01447,1.0588235294117647,-0.05882352941176472
259,17,9,2011,13.529375,23.0,27.5,70,99,deficit,-471242181737.0598,1.0555555555555556,-0.05555555555555558
260,18,9,2011,14.941125,23.0,28.0,70,98,deficit,-473635413398.9438,1.0526315789473684,-0.05263157894736836
261,19,9,2011,14.941125,23.0,30.5,60,99,deficit,-518714923882.9404,1.05,-0.050000000000000044
262,20,9,2011,17.646874999999998,22.5,28.5,65,95,deficit,-506674665702.37463,1.0476190476190477,-0.04761904761904767
263,21,9,2011,10.14174951388886,22.5,29.5,66,96,deficit,-455768749803.04004,1.0454545454545454,-0.045454545454545414
264,22,9,2011,14.875314722222177,22.0,30.5,62,95,deficit,-411061309070.0407,1.0434782608695652,-0.04347826086956519
265,23,9,2011,10.216849444444414,23.0,29.8,58,96,deficit,-208872409874.2125,1.0416666666666667,-0.04166666666666674
266,24,9,2011,11.030116805555512,23.2,30.5,60,98,deficit,-7824961443.213871,1.04,-0.040000000000000036
267,25,9,2011,12.868333819444404,22.0,30.5,62,100,surplus,36625473019.899506,1.0384615384615385,-0.03846153846153855
268,26,9,2011,20.274304305555503,20.0,31.5,50,95,deficit,-15820998565.545982,1.037037037037037,-0.03703703703703698
269,27,9,2011,10.662036944444404,20.1,30.0,64,96,deficit,-90505117515.4229,1.0357142857142858,-0.03571428571428581
270,28,9,2011,15.95918624999995,22.0,30.0,56,91,surplus,30670578977.35061,1.0344827586206897,-0.034482758620689724
271,29,9,2011,17.332575138888835,23.0,31.0,58,96,surplus,315471579794.2719,1.0333333333333334,-0.03333333333333344
272,30,9,2011,13.421181041666625,21.0,29.5,63,95,surplus,180242163991.03775,1.032258064516129,-0.032258064516129004
273,1,10,2011,9.486509166666682,21.5,27.0,78,98,surplus,623295014.8613151,1.5,-0.5
274,2,10,2011,16.020290416666608,21.5,30.0,63,100,deficit,-620682425.2690738,1.3333333333333333,-0.33333333333333326
275,3,10,2011,11.999781736111077,21.0,29.0,68,95,surplus,889739138.0763388,1.25,-0.25
276,4,10,2011,14.16316020833329,22.5,30.5,58,95,surplus,3300795649.773847,1.2,-0.19999999999999996
277,5,10,2011,17.23873659722217,21.5,31.2,57,94,deficit,-14144969552.501822,1.1666666666666667,-0.16666666666666674
278,6,10,2011,16.762269583333286,22.5,30.5,55,95,deficit,-35905080317.467026,1.1428571428571428,-0.1428571428571428
279,7,10,2011,10.198663680555512,22.5,29.5,66,95,deficit,-78477429468.31924,1.125,-0.125
280,8,10,2011,16.093760902777728,21.0,30.0,61,95,deficit,-76829128844.1318,1.1111111111111112,-0.11111111111111116
281,9,10,2011,15.860255694444396,21.0,31.0,50,95,deficit,-158357793548.06915,1.1,-0.10000000000000009
282,10,10,2011,10.09900569444441,23.5,29.5,60,97,deficit,-158211236809.80048,1.0909090909090908,-0.09090909090909083
283,11,10,2011,17.895606388888837,23.0,31.0,57,98,deficit,-118485230791.83392,1.0833333333333333,-0.08333333333333326
284,12,10,2011,15.858073402777729,21.5,30.5,63,98,deficit,-47051174022.92761,1.0769230769230769,-0.07692307692307687
285,13,10,2011,11.032299097222184,21.5,28.5,66,97,deficit,-106045622090.87245,1.0714285714285714,-0.0714285714285714
286,14,10,2011,13.034915416666621,21.5,29.0,70,96,deficit,-361509849620.69147,1.0666666666666667,-0.06666666666666665
287,15,10,2011,14.3901306944444,22.0,26.5,80,98,deficit,-489438756810.6764,1.0625,-0.0625
288,16,10,2011,18.253502222222167,21.5,30.5,53,99,deficit,-433804515992.01447,1.0588235294117647,-0.05882352941176472
289,17,10,2011,18.076009166666616,21.5,31.0,55,96,deficit,-471242181737.0598,1.0555555555555556,-0.05555555555555558
290,18,10,2011,8.82891194444446,22.0,30.5,65,98,deficit,-473635413398.9438,1.0526315789473684,-0.05263157894736836
291,19,10,2011,18.53429041666661,21.0,31.0,55,97,deficit,-518714923882.9404,1.05,-0.050000000000000044
292,20,10,2011,13.4640994444444,21.0,29.0,70,95,deficit,-506674665702.37463,1.0476190476190477,-0.04761904761904767
293,21,10,2011,15.804243541666619,21.5,30.5,77,95,deficit,-455768749803.04004,1.0454545454545454,-0.045454545454545414
294,22,10,2011,6.360740069444459,21.5,30.5,80,95,deficit,-411061309070.0407,1.0434782608695652,-0.04347826086956519
295,23,10,2011,13.819812986111069,21.5,30.5,49,95,deficit,-208872409874.2125,1.0416666666666667,-0.04166666666666674
296,24,10,2011,17.399498749999943,22.0,30.5,50,100,deficit,-7824961443.213871,1.04,-0.040000000000000036
297,25,10,2011,12.959262638888845,21.0,28.5,60,96,surplus,36625473019.899506,1.0384615384615385,-0.03846153846153855
298,26,10,2011,17.436597708333284,21.0,30.5,56,96,deficit,-15820998565.545982,1.037037037037037,-0.03703703703703698
299,27,10,2011,16.80009597222217,21.5,31.0,52,95,deficit,-90505117515.4229,1.0357142857142858,-0.03571428571428581
300,28,10,2011,15.89735465277773,22.0,31.0,45,95,surplus,30670578977.35061,1.0344827586206897,-0.034482758620689724
301,29,10,2011,13.5819431944444,22.5,30.0,56,99,surplus,315471579794.2719,1.0333333333333334,-0.03333333333333344
302,30,10,2011,18.072372013888835,22.0,31.5,56,100,surplus,180242163991.03775,1.032258064516129,-0.032258064516129004
303,31,10,2011,19.23844319444439,20.5,31.0,55,96,surplus,194391560066.49628,1.03125,-0.03125
304,1,11,2011,15.870439722222171,21.1,31.5,46,96,surplus,623295014.8613151,1.5,-0.5
305,2,11,2011,15.820974444444394,22.0,31.2,54,96,deficit,-620682425.2690738,1.3333333333333333,-0.33333333333333326
306,3,11,2011,18.146569930555508,21.0,31.5,48,95,surplus,889739138.0763388,1.25,-0.25
307,4,11,2011,19.509047361111055,22.0,32.0,47,95,surplus,3300795649.773847,1.2,-0.19999999999999996
308,5,11,2011,15.0564449305555,23.5,31.5,45,95,deficit,-14144969552.501822,1.1666666666666667,-0.16666666666666674
309,6,11,2011,17.611908472222172,23.0,31.0,56,95,deficit,-35905080317.467026,1.1428571428571428,-0.1428571428571428
310,7,11,2011,16.269071666666616,22.5,31.0,45,95,deficit,-78477429468.31924,1.125,-0.125
311,8,11,2011,13.311339027777734,23.0,30.5,54,95,deficit,-76829128844.1318,1.1111111111111112,-0.11111111111111116
312,9,11,2011,16.250885902777725,24.0,31.5,45,93,deficit,-158357793548.06915,1.1,-0.10000000000000009
313,10,11,2011,17.542075138888837,23.5,32.5,46,93,deficit,-158211236809.80048,1.0909090909090908,-0.09090909090909083
314,11,11,2011,17.442417152777725,23.5,32.5,38,92,deficit,-118485230791.83392,1.0833333333333333,-0.08333333333333326
315,12,11,2011,18.695779999999946,24.0,32.5,38,92,deficit,-47051174022.92761,1.0769230769230769,-0.07692307692307687
316,13,11,2011,18.719057777777724,23.5,32.5,47,95,deficit,-106045622090.87245,1.0714285714285714,-0.0714285714285714
317,14,11,2011,19.268267847222166,24.0,33.0,36,94,deficit,-361509849620.69147,1.0666666666666667,-0.06666666666666665
318,15,11,2011,18.792528263888833,24.0,33.2,33,90,deficit,-489438756810.6764,1.0625,-0.0625
319,16,11,2011,11.040300833333296,23.5,30.5,50,95,deficit,-433804515992.01447,1.0588235294117647,-0.05882352941176472
320,17,11,2011,14.872404999999949,22.0,32.0,43,95,deficit,-471242181737.0598,1.0555555555555556,-0.05555555555555558
321,18,11,2011,13.688148055555507,22.0,32.0,45,95,deficit,-473635413398.9438,1.0526315789473684,-0.05263157894736836
322,19,11,2011,14.859311249999953,22.0,34.0,37,98,deficit,-518714923882.9404,1.05,-0.050000000000000044
323,20,11,2011,15.858800833333287,24.0,33.5,36,97,deficit,-506674665702.37463,1.0476190476190477,-0.04761904761904767
324,21,11,2011,16.895389374999947,23.0,34.0,35,95,deficit,-455768749803.04004,1.0454545454545454,-0.045454545454545414
325,22,11,2011,16.55131472222217,24.0,33.0,36,94,deficit,-411061309070.0407,1.0434782608695652,-0.04347826086956519
326,23,11,2011,14.85712895833328,24.0,32.5,37,96,deficit,-208872409874.2125,1.0416666666666667,-0.04166666666666674
327,24,11,2011,17.734844236111055,22.1,33.0,33,92,deficit,-7824961443.213871,1.04,-0.040000000000000036
328,25,11,2011,14.89277305555551,21.5,32.5,30,92,surplus,36625473019.899506,1.0384615384615385,-0.03846153846153855
329,26,11,2011,14.75965326388884,23.0,33.0,30,95,deficit,-15820998565.545982,1.037037037037037,-0.03703703703703698
330,27,11,2011,15.760597708333282,23.0,33.0,31,95,deficit,-90505117515.4229,1.0357142857142858,-0.03571428571428581
331,28,11,2011,17.12234770833328,24.1,34.0,25,95,surplus,30670578977.35061,1.0344827586206897,-0.034482758620689724
332,29,11,2011,15.495085555555509,23.0,33.0,32,98,surplus,315471579794.2719,1.0333333333333334,-0.03333333333333344
333,30,11,2011,15.068083819444398,20.5,33.0,16,92,surplus,180242163991.03775,1.032258064516129,-0.032258064516129004
334,1,12,2011,17.30056819444439,21.5,34.0,13,95,surplus,623295014.8613151,1.5,-0.5
335,2,12,2011,18.027271319444388,21.0,33.5,10,98,deficit,-620682425.2690738,1.3333333333333333,-0.33333333333333326
336,3,12,2011,17.818498749999947,17.0,34.5,7,100,surplus,889739138.0763388,1.25,-0.25
337,4,12,2011,16.212332083333283,19.0,33.0,11,98,surplus,3300795649.773847,1.2,-0.19999999999999996
338,5,12,2011,15.916995277777728,20.0,33.0,20,98,deficit,-14144969552.501822,1.1666666666666667,-0.16666666666666674
339,6,12,2011,16.02610986111106,23.0,34.0,19,36,deficit,-35905080317.467026,1.1428571428571428,-0.1428571428571428
340,7,12,2011,13.279332083333287,19.0,34.0,20,95,deficit,-78477429468.31924,1.125,-0.125
341,8,12,2011,16.224698402777726,21.0,33.0,20,95,deficit,-76829128844.1318,1.1111111111111112,-0.11111111111111116
342,9,12,2011,15.959186249999947,17.0,33.5,4,91,deficit,-158357793548.06915,1.1,-0.10000000000000009
343,10,12,2011,15.399792152777728,17.5,32.5,13,77,deficit,-158211236809.80048,1.0909090909090908,-0.09090909090909083
344,11,12,2011,13.74852479166662,19.5,32.0,17,81,deficit,-118485230791.83392,1.0833333333333333,-0.08333333333333326
345,12,12,2011,13.79289805555551,17.0,31.5,20,77,deficit,-47051174022.92761,1.0769230769230769,-0.07692307692307687
346,13,12,2011,14.759653263888842,17.5,32.5,24,86,deficit,-106045622090.87245,1.0714285714285714,-0.0714285714285714
347,14,12,2011,14.41921576388884,17.0,32.0,20,95,deficit,-361509849620.69147,1.0666666666666667,-0.06666666666666665
348,15,12,2011,14.522510902777732,16.0,33.5,15,93,deficit,-489438756810.6764,1.0625,-0.0625
349,16,12,2011,15.444892847222171,16.0,35.0,14,95,deficit,-433804515992.01447,1.0588235294117647,-0.05882352941176472
350,17,12,2011,14.37993451388884,16.0,33.5,16,100,deficit,-471242181737.0598,1.0555555555555556,-0.05555555555555558
351,18,12,2011,13.272785208333287,16.5,34.5,25,100,deficit,-473635413398.9438,1.0526315789473684,-0.05263157894736836
352,19,12,2011,12.08489111111107,18.0,33.0,38,95,deficit,-518714923882.9404,1.05,-0.050000000000000044
353,20,12,2011,13.982029999999954,22.5,34.0,23,95,deficit,-506674665702.37463,1.0476190476190477,-0.04761904761904767
354,21,12,2011,12.482068194444402,23.5,33.0,26,95,deficit,-455768749803.04004,1.0454545454545454,-0.045454545454545414
355,22,12,2011,14.251906736111064,21.5,33.5,17,96,deficit,-411061309070.0407,1.0434782608695652,-0.04347826086956519
356,23,12,2011,11.658616805555514,21.0,33.5,19,95,deficit,-208872409874.2125,1.0416666666666667,-0.04166666666666674
357,24,12,2011,13.980575138888844,21.0,34.0,24,95,deficit,-7824961443.213871,1.04,-0.040000000000000036
358,25,12,2011,11.35673312499996,21.5,32.0,39,90,surplus,36625473019.899506,1.0384615384615385,-0.03846153846153855
359,26,12,2011,12.632646319444401,20.5,33.5,23,99,deficit,-15820998565.545982,1.037037037037037,-0.03703703703703698
360,27,12,2011,13.272057777777734,21.0,35.0,25,95,deficit,-90505117515.4229,1.0357142857142858,-0.03571428571428581
361,28,12,2011,11.398924097222181,22.5,34.0,26,98,surplus,30670578977.35061,1.0344827586206897,-0.034482758620689724
362,29,12,2011,11.577144583333292,23.0,33.5,24,96,surplus,315471579794.2719,1.0333333333333334,-0.03333333333333344
363,30,12,2011,12.149632430555513,23.0,34.0,22,96,surplus,180242163991.03775,1.032258064516129,-0.032258064516129004
364,31,12,2011,14.52905777777773,20.0,35.0,7,96,surplus,194391560066.49628,1.03125,-0.03125
