,Day,Month,Year,SolRadiation (MJ/m²/day),TempMin (°C),TempMax (°C),RelHumMin (%),RelHumMax (%),net radiation name,net radiation,surplus,deficit
0,1,1,2012,21.492,21.0,33.0,24,96,surplus,830195445.0796854,1.5,-0.5
1,2,1,2012,21.384,21.5,32.5,13,100,deficit,-3414638108.5764656,1.3333333333333333,-0.33333333333333326
2,3,1,2012,21.312,18.5,33.0,10,85,deficit,-11098044866.355581,1.25,-0.25
3,4,1,2012,21.924,18.0,34.0,10,84,deficit,-22572930237.337837,1.2,-0.19999999999999996
4,5,1,2012,20.952,16.0,33.0,14,85,deficit,-33772278610.801163,1.1666666666666667,-0.16666666666666674
5,6,1,2012,20.952,15.5,32.0,20,86,deficit,-48881045597.01698,1.1428571428571428,-0.1428571428571428
6,7,1,2012,21.456,16.0,33.5,16,95,deficit,-37359390888.931465,1.125,-0.125
7,8,1,2012,22.104,17.0,33.0,30,99,deficit,-39965212121.80602,1.1111111111111112,-0.11111111111111116
8,9,1,2012,21.744,19.0,32.5,30,100,deficit,-102363373177.47163,1.1,-0.10000000000000009
9,10,1,2012,21.996000000000002,20.0,33.0,10,100,deficit,-196499842823.87466,1.0909090909090908,-0.09090909090909083
10,11,1,2012,21.852,19.0,35.0,0,88,deficit,-215346780592.0118,1.0833333333333333,-0.08333333333333326
11,12,1,2012,21.852,16.5,33.0,10,90,deficit,-314630396561.3552,1.0769230769230769,-0.07692307692307687
12,13,1,2012,22.176000000000002,16.5,30.5,15,53,deficit,-392780158848.678,1.0714285714285714,-0.0714285714285714
13,14,1,2012,21.882857142857144,18.0,32.0,14,40,deficit,-322055799302.5798,1.0666666666666667,-0.06666666666666665
14,15,1,2012,21.456,18.0,31.0,20,74,deficit,-385977560152.36584,1.0625,-0.0625
15,16,1,2012,21.240000000000002,16.5,32.5,18,78,deficit,-403462787931.3215,1.0588235294117647,-0.05882352941176472
16,17,1,2012,21.852,17.0,34.5,12,98,deficit,-258499981091.14157,1.0555555555555556,-0.05555555555555558
17,18,1,2012,21.384,16.8,32.5,34,95,deficit,-63024980940.766464,1.0526315789473684,-0.05263157894736836
18,19,1,2012,20.844,22.0,32.0,40,96,surplus,48129392484.15832,1.05,-0.050000000000000044
19,20,1,2012,21.312,23.0,32.5,46,94,surplus,186478857124.68478,1.0476190476190477,-0.04761904761904767
20,21,1,2012,18.576,24.0,31.5,55,94,deficit,-213904616553.58792,1.0454545454545454,-0.045454545454545414
21,22,1,2012,22.068,23.0,35.0,25,95,deficit,-263291173814.8486,1.0434782608695652,-0.04347826086956519
22,23,1,2012,20.772,22.5,34.0,26,96,deficit,-711343873309.8602,1.0416666666666667,-0.04166666666666674
23,24,1,2012,21.96,23.0,36.0,5,94,deficit,-521695117368.7378,1.04,-0.040000000000000036
24,25,1,2012,22.284000000000002,22.0,34.5,19,94,surplus,150036738873.97006,1.0384615384615385,-0.03846153846153855
25,26,1,2012,20.124,23.5,32.5,48,94,surplus,42279415344.953896,1.037037037037037,-0.03703703703703698
26,27,1,2012,19.259999999999998,23.5,33.0,42,94,surplus,35617465205.67335,1.0357142857142858,-0.03571428571428581
27,28,1,2012,20.340000000000003,23.5,33.5,40,95,surplus,26239842468.456497,1.0344827586206897,-0.034482758620689724
28,29,1,2012,19.872,24.0,34.0,37,95,deficit,-59373177849.869675,1.0333333333333334,-0.03333333333333344
29,30,1,2012,18.08742857142857,24.0,34.0,35,94,deficit,-315887636897.5903,1.032258064516129,-0.032258064516129004
30,31,1,2012,21.672,23.5,36.0,26,95,deficit,-330453055704.5623,1.03125,-0.03125
31,1,2,2012,22.644000000000002,24.0,35.5,26,94,surplus,830195445.0796854,1.5,-0.5
32,2,2,2012,20.772,24.0,34.5,36,94,deficit,-3414638108.5764656,1.3333333333333333,-0.33333333333333326
33,3,2,2012,21.024,24.0,34.0,42,100,deficit,-11098044866.355581,1.25,-0.25
34,4,2,2012,20.628000000000004,21.0,33.0,48,94,deficit,-22572930237.337837,1.2,-0.19999999999999996
35,5,2,2012,20.772,23.0,33.0,48,90,deficit,-33772278610.801163,1.1666666666666667,-0.16666666666666674
36,6,2,2012,21.888,24.0,34.0,35,93,deficit,-48881045597.01698,1.1428571428571428,-0.1428571428571428
37,7,2,2012,20.916,24.0,32.5,3,90,deficit,-37359390888.931465,1.125,-0.125
38,8,2,2012,21.816,21.0,33.5,19,90,deficit,-39965212121.80602,1.1111111111111112,-0.11111111111111116
39,9,2,2012,22.14,21.5,32.0,37,91,deficit,-102363373177.47163,1.1,-0.10000000000000009
40,10,2,2012,21.816,22.0,32.5,34,91,deficit,-196499842823.87466,1.0909090909090908,-0.09090909090909083
41,11,2,2012,21.78,22.5,32.0,42,93,deficit,-215346780592.0118,1.0833333333333333,-0.08333333333333326
42,12,2,2012,22.536,23.0,33.0,43,98,deficit,-314630396561.3552,1.0769230769230769,-0.07692307692307687
43,13,2,2012,19.08,23.0,33.0,45,94,deficit,-392780158848.678,1.0714285714285714,-0.0714285714285714
44,14,2,2012,19.152,23.0,33.5,40,97,deficit,-322055799302.5798,1.0666666666666667,-0.06666666666666665
45,15,2,2012,17.269714285714286,22.2,32.5,48,96,deficit,-385977560152.36584,1.0625,-0.0625
46,16,2,2012,21.276,23.0,34.5,40,96,deficit,-403462787931.3215,1.0588235294117647,-0.05882352941176472
47,17,2,2012,21.204,23.5,35.0,34,94,deficit,-258499981091.14157,1.0555555555555556,-0.05555555555555558
48,18,2,2012,17.316,24.0,33.0,50,95,deficit,-63024980940.766464,1.0526315789473684,-0.05263157894736836
49,19,2,2012,22.248,19.0,33.0,41,96,surplus,48129392484.15832,1.05,-0.050000000000000044
50,20,2,2012,19.692,21.0,33.0,64,96,surplus,186478857124.68478,1.0476190476190477,-0.04761904761904767
51,21,2,2012,19.476000000000003,21.5,31.0,54,95,deficit,-213904616553.58792,1.0454545454545454,-0.045454545454545414
52,22,2,2012,13.788,24.0,34.0,40,94,deficit,-263291173814.8486,1.0434782608695652,-0.04347826086956519
53,23,2,2012,22.104,24.0,34.0,40,94,deficit,-711343873309.8602,1.0416666666666667,-0.04166666666666674
54,24,2,2012,21.996000000000002,23.5,34.0,38,92,deficit,-521695117368.7378,1.04,-0.040000000000000036
55,25,2,2012,21.78,23.5,34.0,27,93,surplus,150036738873.97006,1.0384615384615385,-0.03846153846153855
56,26,2,2012,21.816,24.5,35.0,34,93,surplus,42279415344.953896,1.037037037037037,-0.03703703703703698
57,27,2,2012,21.888,24.5,34.5,37,95,surplus,35617465205.67335,1.0357142857142858,-0.03571428571428581
58,28,2,2012,22.608,23.0,34.0,43,98,surplus,26239842468.456497,1.0344827586206897,-0.034482758620689724
59,29,2,2012,20.988,21.5,31.5,51,94,deficit,-59373177849.869675,1.0333333333333334,-0.03333333333333344
60,1,3,2012,20.844,21.5,34.0,42,94,surplus,830195445.0796854,1.5,-0.5
61,2,3,2012,18.396000000000004,21.0,34.0,38,97,deficit,-3414638108.5764656,1.3333333333333333,-0.33333333333333326
62,3,3,2012,24.408,21.0,34.0,38,100,deficit,-11098044866.355581,1.25,-0.25
63,4,3,2012,20.628000000000004,21.0,32.0,52,96,deficit,-22572930237.337837,1.2,-0.19999999999999996
64,5,3,2012,18.324,22.0,31.5,55,95,deficit,-33772278610.801163,1.1666666666666667,-0.16666666666666674
65,6,3,2012,22.752000000000002,22.0,32.0,46,94,deficit,-48881045597.01698,1.1428571428571428,-0.1428571428571428
66,7,3,2012,21.816,22.5,33.0,42,93,deficit,-37359390888.931465,1.125,-0.125
67,8,3,2012,22.788,24.0,33.5,44,94,deficit,-39965212121.80602,1.1111111111111112,-0.11111111111111116
68,9,3,2012,21.636,24.5,33.5,47,93,deficit,-102363373177.47163,1.1,-0.10000000000000009
69,10,3,2012,22.104,23.5,33.0,48,95,deficit,-196499842823.87466,1.0909090909090908,-0.09090909090909083
70,11,3,2012,22.752000000000002,23.5,33.0,5,98,deficit,-215346780592.0118,1.0833333333333333,-0.08333333333333326
71,12,3,2012,25.02,20.5,34.0,38,100,deficit,-314630396561.3552,1.0769230769230769,-0.07692307692307687
72,13,3,2012,25.092,24.5,36.0,19,98,deficit,-392780158848.678,1.0714285714285714,-0.0714285714285714
73,14,3,2012,24.552000000000003,23.0,35.5,37,95,deficit,-322055799302.5798,1.0666666666666667,-0.06666666666666665
74,15,3,2012,23.868,23.0,35.0,36,94,deficit,-385977560152.36584,1.0625,-0.0625
75,16,3,2012,22.644000000000002,24.0,35.5,30,94,deficit,-403462787931.3215,1.0588235294117647,-0.05882352941176472
76,17,3,2012,24.192,24.2,35.5,25,90,deficit,-258499981091.14157,1.0555555555555556,-0.05555555555555558
77,18,3,2012,19.722857142857144,26.0,33.0,36,94,deficit,-63024980940.766464,1.0526315789473684,-0.05263157894736836
78,19,3,2012,21.636,24.5,34.5,29,95,surplus,48129392484.15832,1.05,-0.050000000000000044
79,20,3,2012,22.608,25.0,35.0,19,90,surplus,186478857124.68478,1.0476190476190477,-0.04761904761904767
80,21,3,2012,23.220000000000002,26.0,36.0,29,90,deficit,-213904616553.58792,1.0454545454545454,-0.045454545454545414
81,22,3,2012,23.94,25.5,38.0,24,90,deficit,-263291173814.8486,1.0434782608695652,-0.04347826086956519
82,23,3,2012,22.464000000000002,25.0,36.0,28,90,deficit,-711343873309.8602,1.0416666666666667,-0.04166666666666674
83,24,3,2012,20.448,25.5,36.0,32,95,deficit,-521695117368.7378,1.04,-0.040000000000000036
84,25,3,2012,18.32420408163265,25.5,32.5,50,95,surplus,150036738873.97006,1.0384615384615385,-0.03846153846153855
85,26,3,2012,22.068,23.0,35.0,34,95,surplus,42279415344.953896,1.037037037037037,-0.03703703703703698
86,27,3,2012,20.808,23.5,35.5,33,95,surplus,35617465205.67335,1.0357142857142858,-0.03571428571428581
87,28,3,2012,23.148,23.5,37.0,30,92,surplus,26239842468.456497,1.0344827586206897,-0.034482758620689724
88,29,3,2012,22.356,25.5,36.0,39,90,deficit,-59373177849.869675,1.0333333333333334,-0.03333333333333344
89,30,3,2012,14.22,24.0,33.0,54,94,deficit,-315887636897.5903,1.032258064516129,-0.032258064516129004
90,31,3,2012,22.032,24.0,35.5,36,90,deficit,-330453055704.5623,1.03125,-0.03125
91,1,4,2012,20.952,25.0,34.5,45,96,surplus,830195445.0796854,1.5,-0.5
92,2,4,2012,21.492,24.0,35.5,45,96,deficit,-3414638108.5764656,1.3333333333333333,-0.33333333333333326
93,3,4,2012,20.71542857142857,23.5,34.5,44,95,deficit,-11098044866.355581,1.25,-0.25
94,4,4,2012,23.291999999999998,22.5,35.0,29,100,deficit,-22572930237.337837,1.2,-0.19999999999999996
95,5,4,2012,24.804,21.0,35.0,40,93,deficit,-33772278610.801163,1.1666666666666667,-0.16666666666666674
96,6,4,2012,15.588000000000001,21.0,34.0,63,93,deficit,-48881045597.01698,1.1428571428571428,-0.1428571428571428
97,7,4,2012,22.176000000000002,23.0,33.0,54,94,deficit,-37359390888.931465,1.125,-0.125
98,8,4,2012,21.816,25.0,34.0,50,94,deficit,-39965212121.80602,1.1111111111111112,-0.11111111111111116
99,9,4,2012,18.396,23.0,33.0,64,98,deficit,-102363373177.47163,1.1,-0.10000000000000009
100,10,4,2012,19.8,23.5,33.0,54,95,deficit,-196499842823.87466,1.0909090909090908,-0.09090909090909083
101,11,4,2012,23.220000000000002,23.5,33.5,50,95,deficit,-215346780592.0118,1.0833333333333333,-0.08333333333333326
102,12,4,2012,20.916,22.5,34.0,50,91,deficit,-314630396561.3552,1.0769230769230769,-0.07692307692307687
103,13,4,2012,19.259999999999998,24.0,33.0,48,90,deficit,-392780158848.678,1.0714285714285714,-0.0714285714285714
104,14,4,2012,12.816,24.0,30.2,67,95,deficit,-322055799302.5798,1.0666666666666667,-0.06666666666666665
105,15,4,2012,19.224,25.0,32.0,54,98,deficit,-385977560152.36584,1.0625,-0.0625
106,16,4,2012,19.09028571428571,24.0,30.5,67,99,deficit,-403462787931.3215,1.0588235294117647,-0.05882352941176472
107,17,4,2012,17.928,22.0,30.0,48,95,deficit,-258499981091.14157,1.0555555555555556,-0.05555555555555558
108,18,4,2012,24.624,21.5,33.0,44,95,deficit,-63024980940.766464,1.0526315789473684,-0.05263157894736836
109,19,4,2012,19.09028571428571,23.0,29.5,64,95,surplus,48129392484.15832,1.05,-0.050000000000000044
110,20,4,2012,21.708000000000002,22.2,32.5,47,91,surplus,186478857124.68478,1.0476190476190477,-0.04761904761904767
111,21,4,2012,23.184,21.5,33.5,46,90,deficit,-213904616553.58792,1.0454545454545454,-0.045454545454545414
112,22,4,2012,17.748,23.5,33.0,56,98,deficit,-263291173814.8486,1.0434782608695652,-0.04347826086956519
113,23,4,2012,20.7,24.0,33.5,38,96,deficit,-711343873309.8602,1.0416666666666667,-0.04166666666666674
114,24,4,2012,22.464000000000002,24.5,34.0,45,96,deficit,-521695117368.7378,1.04,-0.040000000000000036
115,25,4,2012,13.5,21.5,30.0,50,95,surplus,150036738873.97006,1.0384615384615385,-0.03846153846153855
116,26,4,2012,23.759999999999998,22.0,34.0,40,94,surplus,42279415344.953896,1.037037037037037,-0.03703703703703698
117,27,4,2012,23.796000000000003,23.0,35.0,45,96,surplus,35617465205.67335,1.0357142857142858,-0.03571428571428581
118,28,4,2012,18.576,23.0,34.0,53,95,surplus,26239842468.456497,1.0344827586206897,-0.034482758620689724
119,29,4,2012,21.564,25.0,34.0,44,96,deficit,-59373177849.869675,1.0333333333333334,-0.03333333333333344
120,30,4,2012,22.896,24.0,34.5,44,97,deficit,-315887636897.5903,1.032258064516129,-0.032258064516129004
121,1,5,2012,21.024,24.0,34.0,48,100,surplus,830195445.0796854,1.5,-0.5
122,2,5,2012,20.916,21.0,32.5,56,97,deficit,-3414638108.5764656,1.3333333333333333,-0.33333333333333326
123,3,5,2012,20.916,21.5,33.5,48,95,deficit,-11098044866.355581,1.25,-0.25
124,4,5,2012,18.864,21.5,32.5,51,95,deficit,-22572930237.337837,1.2,-0.19999999999999996
125,5,5,2012,20.67942857142857,23.5,33.0,55,96,deficit,-33772278610.801163,1.1666666666666667,-0.16666666666666674
126,6,5,2012,23.400000000000002,21.0,33.0,45,95,deficit,-48881045597.01698,1.1428571428571428,-0.1428571428571428
127,7,5,2012,20.340000000000003,21.0,33.0,54,98,deficit,-37359390888.931465,1.125,-0.125
128,8,5,2012,14.832,24.0,32.2,57,94,deficit,-39965212121.80602,1.1111111111111112,-0.11111111111111116
129,9,5,2012,20.232,21.5,33.0,47,98,deficit,-102363373177.47163,1.1,-0.10000000000000009
130,10,5,2012,23.616,22.0,34.5,40,95,deficit,-196499842823.87466,1.0909090909090908,-0.09090909090909083
131,11,5,2012,20.484,23.0,34.0,45,95,deficit,-215346780592.0118,1.0833333333333333,-0.08333333333333326
132,12,5,2012,10.224,24.0,34.0,65,96,deficit,-314630396561.3552,1.0769230769230769,-0.07692307692307687
133,13,5,2012,10.836,25.0,29.5,62,96,deficit,-392780158848.678,1.0714285714285714,-0.0714285714285714
134,14,5,2012,18.108,22.5,32.5,43,97,deficit,-322055799302.5798,1.0666666666666667,-0.06666666666666665
135,15,5,2012,20.52,22.0,33.0,50,95,deficit,-385977560152.36584,1.0625,-0.0625
136,16,5,2012,17.136,22.0,31.0,56,91,deficit,-403462787931.3215,1.0588235294117647,-0.05882352941176472
137,17,5,2012,19.008000000000003,23.5,32.0,52,94,deficit,-258499981091.14157,1.0555555555555556,-0.05555555555555558
138,18,5,2012,19.908,24.0,33.0,53,93,deficit,-63024980940.766464,1.0526315789473684,-0.05263157894736836
139,19,5,2012,16.534285714285712,23.0,26.5,70,94,surplus,48129392484.15832,1.05,-0.050000000000000044
140,20,5,2012,21.132,21.5,31.5,54,95,surplus,186478857124.68478,1.0476190476190477,-0.04761904761904767
141,21,5,2012,15.346285714285715,22.0,26.0,53,100,deficit,-213904616553.58792,1.0454545454545454,-0.045454545454545414
142,22,5,2012,17.568,21.0,31.0,58,96,deficit,-263291173814.8486,1.0434782608695652,-0.04347826086956519
143,23,5,2012,19.692,22.0,33.0,55,95,deficit,-711343873309.8602,1.0416666666666667,-0.04166666666666674
144,24,5,2012,20.952,24.0,32.5,53,94,deficit,-521695117368.7378,1.04,-0.040000000000000036
145,25,5,2012,15.994285714285715,24.0,29.5,77,96,surplus,150036738873.97006,1.0384615384615385,-0.03846153846153855
146,26,5,2012,19.332,21.5,29.5,65,95,surplus,42279415344.953896,1.037037037037037,-0.03703703703703698
147,27,5,2012,22.284000000000002,23.0,31.5,55,96,surplus,35617465205.67335,1.0357142857142858,-0.03571428571428581
148,28,5,2012,12.456,22.0,30.5,63,98,surplus,26239842468.456497,1.0344827586206897,-0.034482758620689724
149,29,5,2012,15.371999999999998,22.5,30.5,60,97,deficit,-59373177849.869675,1.0333333333333334,-0.03333333333333344
150,30,5,2012,12.816,24.0,31.0,57,95,deficit,-315887636897.5903,1.032258064516129,-0.032258064516129004
151,31,5,2012,12.276000000000002,23.0,30.5,61,95,deficit,-330453055704.5623,1.03125,-0.03125
152,1,6,2012,20.808,22.5,32.0,55,96,surplus,830195445.0796854,1.5,-0.5
153,2,6,2012,13.597714285714288,23.0,26.5,75,98,deficit,-3414638108.5764656,1.3333333333333333,-0.33333333333333326
154,3,6,2012,18.252000000000002,22.5,29.5,60,98,deficit,-11098044866.355581,1.25,-0.25
155,4,6,2012,22.572,22.5,33.0,51,100,deficit,-22572930237.337837,1.2,-0.19999999999999996
156,5,6,2012,15.408,20.0,26.5,65,98,deficit,-33772278610.801163,1.1666666666666667,-0.16666666666666674
157,6,6,2012,15.721714285714285,20.5,30.0,64,90,deficit,-48881045597.01698,1.1428571428571428,-0.1428571428571428
158,7,6,2012,14.796000000000001,22.5,29.5,63,97,deficit,-37359390888.931465,1.125,-0.125
159,8,6,2012,20.844,22.0,31.5,52,95,deficit,-39965212121.80602,1.1111111111111112,-0.11111111111111116
160,9,6,2012,17.82,21.5,31.0,58,99,deficit,-102363373177.47163,1.1,-0.10000000000000009
161,10,6,2012,21.024,21.0,32.0,50,96,deficit,-196499842823.87466,1.0909090909090908,-0.09090909090909083
162,11,6,2012,20.16,21.0,32.0,50,96,deficit,-215346780592.0118,1.0833333333333333,-0.08333333333333326
163,12,6,2012,11.088000000000001,24.0,30.0,65,98,deficit,-314630396561.3552,1.0769230769230769,-0.07692307692307687
164,13,6,2012,14.940000000000001,22.0,30.0,64,96,deficit,-392780158848.678,1.0714285714285714,-0.0714285714285714
165,14,6,2012,13.716000000000001,22.0,27.5,69,97,deficit,-322055799302.5798,1.0666666666666667,-0.06666666666666665
166,15,6,2012,15.732000000000001,22.0,29.5,57,95,deficit,-385977560152.36584,1.0625,-0.0625
167,16,6,2012,11.376000000000001,22.5,28.0,70,98,deficit,-403462787931.3215,1.0588235294117647,-0.05882352941176472
168,17,6,2012,10.08,22.0,27.0,82,100,deficit,-258499981091.14157,1.0555555555555556,-0.05555555555555558
169,18,6,2012,19.62,21.0,31.0,57,99,deficit,-63024980940.766464,1.0526315789473684,-0.05263157894736836
170,19,6,2012,18.252000000000002,22.0,29.5,62,98,surplus,48129392484.15832,1.05,-0.050000000000000044
171,20,6,2012,16.776,21.5,30.0,66,99,surplus,186478857124.68478,1.0476190476190477,-0.04761904761904767
172,21,6,2012,16.848,22.5,29.5,63,96,deficit,-213904616553.58792,1.0454545454545454,-0.045454545454545414
173,22,6,2012,14.934857142857144,22.5,29.5,65,98,deficit,-263291173814.8486,1.0434782608695652,-0.04347826086956519
174,23,6,2012,18.756,22.0,30.5,58,95,deficit,-711343873309.8602,1.0416666666666667,-0.04166666666666674
175,24,6,2012,19.764000000000003,21.5,30.0,58,95,deficit,-521695117368.7378,1.04,-0.040000000000000036
176,25,6,2012,14.076,22.0,28.0,70,90,surplus,150036738873.97006,1.0384615384615385,-0.03846153846153855
177,26,6,2012,19.908,23.0,30.5,55,96,surplus,42279415344.953896,1.037037037037037,-0.03703703703703698
178,27,6,2012,15.192,23.0,29.0,67,100,surplus,35617465205.67335,1.0357142857142858,-0.03571428571428581
179,28,6,2012,14.076,21.0,27.0,63,96,surplus,26239842468.456497,1.0344827586206897,-0.034482758620689724
180,29,6,2012,17.46,21.0,28.5,60,96,deficit,-59373177849.869675,1.0333333333333334,-0.03333333333333344
181,30,6,2012,19.512,22.0,29.0,64,95,deficit,-315887636897.5903,1.032258064516129,-0.032258064516129004
182,1,7,2012,11.304,23.0,27.0,80,98,surplus,830195445.0796854,1.5,-0.5
183,2,7,2012,13.032,21.0,27.0,78,100,deficit,-3414638108.5764656,1.3333333333333333,-0.33333333333333326
184,3,7,2012,17.568,22.0,28.0,70,100,deficit,-11098044866.355581,1.25,-0.25
185,4,7,2012,18.468,22.0,29.0,65,98,deficit,-22572930237.337837,1.2,-0.19999999999999996
186,5,7,2012,18.576,22.5,28.5,64,96,deficit,-33772278610.801163,1.1666666666666667,-0.16666666666666674
187,6,7,2012,16.092,22.1,27.5,75,95,deficit,-48881045597.01698,1.1428571428571428,-0.1428571428571428
188,7,7,2012,13.068,22.0,28.5,70,99,deficit,-37359390888.931465,1.125,-0.125
189,8,7,2012,14.230285714285714,22.0,28.0,70,99,deficit,-39965212121.80602,1.1111111111111112,-0.11111111111111116
190,9,7,2012,20.268,22.0,30.2,60,100,deficit,-102363373177.47163,1.1,-0.10000000000000009
191,10,7,2012,18.900000000000002,22.0,30.0,59,96,deficit,-196499842823.87466,1.0909090909090908,-0.09090909090909083
192,11,7,2012,16.164,22.0,29.5,65,95,deficit,-215346780592.0118,1.0833333333333333,-0.08333333333333326
193,12,7,2012,15.947999999999999,22.0,28.0,67,95,deficit,-314630396561.3552,1.0769230769230769,-0.07692307692307687
194,13,7,2012,15.264000000000001,22.5,29.0,67,95,deficit,-392780158848.678,1.0714285714285714,-0.0714285714285714
195,14,7,2012,17.352,23.0,29.5,65,100,deficit,-322055799302.5798,1.0666666666666667,-0.06666666666666665
196,15,7,2012,10.548,21.0,26.0,81,100,deficit,-385977560152.36584,1.0625,-0.0625
197,16,7,2012,20.952,21.5,29.5,60,98,deficit,-403462787931.3215,1.0588235294117647,-0.05882352941176472
198,17,7,2012,17.748,22.0,28.0,69,99,deficit,-258499981091.14157,1.0555555555555556,-0.05555555555555558
199,18,7,2012,12.708,20.5,27.0,80,98,deficit,-63024980940.766464,1.0526315789473684,-0.05263157894736836
200,19,7,2012,17.316,21.2,28.0,70,96,surplus,48129392484.15832,1.05,-0.050000000000000044
201,20,7,2012,17.928,21.0,29.5,60,94,surplus,186478857124.68478,1.0476190476190477,-0.04761904761904767
202,21,7,2012,14.976,21.5,28.5,65,93,deficit,-213904616553.58792,1.0454545454545454,-0.045454545454545414
203,22,7,2012,12.06,22.0,28.5,76,96,deficit,-263291173814.8486,1.0434782608695652,-0.04347826086956519
204,23,7,2012,13.824,22.2,27.0,70,94,deficit,-711343873309.8602,1.0416666666666667,-0.04166666666666674
205,24,7,2012,11.581714285714286,22.2,29.0,65,90,deficit,-521695117368.7378,1.04,-0.040000000000000036
206,25,7,2012,14.076,23.0,29.0,65,90,surplus,150036738873.97006,1.0384615384615385,-0.03846153846153855
207,26,7,2012,12.348,22.5,26.0,65,95,surplus,42279415344.953896,1.037037037037037,-0.03703703703703698
208,27,7,2012,12.6,22.0,26.0,78,94,surplus,35617465205.67335,1.0357142857142858,-0.03571428571428581
209,28,7,2012,16.524,21.0,28.5,60,90,surplus,26239842468.456497,1.0344827586206897,-0.034482758620689724
210,29,7,2012,16.272,22.0,28.5,60,95,deficit,-59373177849.869675,1.0333333333333334,-0.03333333333333344
211,30,7,2012,17.352,22.0,27.5,63,95,deficit,-315887636897.5903,1.032258064516129,-0.032258064516129004
212,31,7,2012,12.085714285714287,22.0,25.5,85,100,deficit,-330453055704.5623,1.03125,-0.03125
213,1,8,2012,12.132000000000001,21.0,25.5,79,91,surplus,830195445.0796854,1.5,-0.5
214,2,8,2012,11.484,21.5,28.0,67,94,deficit,-3414638108.5764656,1.3333333333333333,-0.33333333333333326
215,3,8,2012,13.176,21.5,28.0,70,94,deficit,-11098044866.355581,1.25,-0.25
216,4,8,2012,11.448,21.0,27.0,75,95,deficit,-22572930237.337837,1.2,-0.19999999999999996
217,5,8,2012,13.464,22.0,25.0,79,95,deficit,-33772278610.801163,1.1666666666666667,-0.16666666666666674
218,6,8,2012,11.735999999999999,21.2,26.0,75,95,deficit,-48881045597.01698,1.1428571428571428,-0.1428571428571428
219,7,8,2012,11.628,22.0,27.0,72,94,deficit,-37359390888.931465,1.125,-0.125
220,8,8,2012,14.616,21.0,28.0,69,95,deficit,-39965212121.80602,1.1111111111111112,-0.11111111111111116
221,9,8,2012,10.861714285714287,21.0,26.0,75,94,deficit,-102363373177.47163,1.1,-0.10000000000000009
222,10,8,2012,11.196,20.5,26.0,78,95,deficit,-196499842823.87466,1.0909090909090908,-0.09090909090909083
223,11,8,2012,13.84457142857143,21.0,24.0,80,98,deficit,-215346780592.0118,1.0833333333333333,-0.08333333333333326
224,12,8,2012,18.252000000000002,21.2,28.5,57,95,deficit,-314630396561.3552,1.0769230769230769,-0.07692307692307687
225,13,8,2012,12.24,21.0,26.0,72,93,deficit,-392780158848.678,1.0714285714285714,-0.0714285714285714
226,14,8,2012,13.191428571428572,20.0,25.5,79,95,deficit,-322055799302.5798,1.0666666666666667,-0.06666666666666665
227,15,8,2012,17.748,21.0,28.5,54,95,deficit,-385977560152.36584,1.0625,-0.0625
228,16,8,2012,17.748,20.0,28.0,57,95,deficit,-403462787931.3215,1.0588235294117647,-0.05882352941176472
229,17,8,2012,13.176,20.5,26.0,75,98,deficit,-258499981091.14157,1.0555555555555556,-0.05555555555555558
230,18,8,2012,12.795428571428571,20.0,25.5,80,95,deficit,-63024980940.766464,1.0526315789473684,-0.05263157894736836
231,19,8,2012,14.148000000000001,21.0,28.0,70,96,surplus,48129392484.15832,1.05,-0.050000000000000044
232,20,8,2012,19.188000000000002,22.0,28.5,60,95,surplus,186478857124.68478,1.0476190476190477,-0.04761904761904767
233,21,8,2012,11.196,20.0,27.0,72,95,deficit,-213904616553.58792,1.0454545454545454,-0.045454545454545414
234,22,8,2012,10.404,22.0,26.0,78,94,deficit,-263291173814.8486,1.0434782608695652,-0.04347826086956519
235,23,8,2012,14.112,22.0,27.0,75,96,deficit,-711343873309.8602,1.0416666666666667,-0.04166666666666674
236,24,8,2012,15.156,22.0,27.5,68,95,deficit,-521695117368.7378,1.04,-0.040000000000000036
237,25,8,2012,13.574204081632653,22.0,27.0,69,95,surplus,150036738873.97006,1.0384615384615385,-0.03846153846153855
238,26,8,2012,14.364,21.5,27.5,66,95,surplus,42279415344.953896,1.037037037037037,-0.03703703703703698
239,27,8,2012,13.248000000000001,21.5,28.0,69,96,surplus,35617465205.67335,1.0357142857142858,-0.03571428571428581
240,28,8,2012,14.22,22.0,28.5,64,94,surplus,26239842468.456497,1.0344827586206897,-0.034482758620689724
241,29,8,2012,15.228000000000002,22.2,29.5,60,96,deficit,-59373177849.869675,1.0333333333333334,-0.03333333333333344
242,30,8,2012,17.28,22.0,30.0,55,92,deficit,-315887636897.5903,1.032258064516129,-0.032258064516129004
243,31,8,2012,16.344,22.0,28.0,65,95,deficit,-330453055704.5623,1.03125,-0.03125
244,1,9,2012,13.032,20.5,29.0,65,99,surplus,830195445.0796854,1.5,-0.5
245,2,9,2012,12.384,21.0,26.0,75,100,deficit,-3414638108.5764656,1.3333333333333333,-0.33333333333333326
246,3,9,2012,17.1,22.0,28.0,70,95,deficit,-11098044866.355581,1.25,-0.25
247,4,9,2012,10.116,22.0,28.5,70,98,deficit,-22572930237.337837,1.2,-0.19999999999999996
248,5,9,2012,17.748,22.5,29.0,70,99,deficit,-33772278610.801163,1.1666666666666667,-0.16666666666666674
249,6,9,2012,13.32,23.0,29.5,63,98,deficit,-48881045597.01698,1.1428571428571428,-0.1428571428571428
250,7,9,2012,18.503999999999998,21.5,29.5,60,96,deficit,-37359390888.931465,1.125,-0.125
251,8,9,2012,14.112,22.0,29.0,67,96,deficit,-39965212121.80602,1.1111111111111112,-0.11111111111111116
252,9,9,2012,13.932,21.0,26.0,77,96,deficit,-102363373177.47163,1.1,-0.10000000000000009
253,10,9,2012,12.409714285714287,21.0,29.5,65,98,deficit,-196499842823.87466,1.0909090909090908,-0.09090909090909083
254,11,9,2012,12.564000000000002,21.5,26.0,80,98,deficit,-215346780592.0118,1.0833333333333333,-0.08333333333333326
255,12,9,2012,17.28,21.5,28.5,68,96,deficit,-314630396561.3552,1.0769230769230769,-0.07692307692307687
256,13,9,2012,12.348,22.5,27.0,78,96,deficit,-392780158848.678,1.0714285714285714,-0.0714285714285714
257,14,9,2012,14.58,22.2,29.0,65,97,deficit,-322055799302.5798,1.0666666666666667,-0.06666666666666665
258,15,9,2012,16.164,22.5,30.5,56,94,deficit,-385977560152.36584,1.0625,-0.0625
259,16,9,2012,15.588000000000001,23.0,30.0,58,98,deficit,-403462787931.3215,1.0588235294117647,-0.05882352941176472
260,17,9,2012,14.940000000000001,23.0,28.5,75,100,deficit,-258499981091.14157,1.0555555555555556,-0.05555555555555558
261,18,9,2012,19.404,23.0,30.5,57,100,deficit,-63024980940.766464,1.0526315789473684,-0.05263157894736836
262,19,9,2012,16.776,21.0,28.0,68,100,surplus,48129392484.15832,1.05,-0.050000000000000044
263,20,9,2012,17.892,21.0,30.0,56,97,surplus,186478857124.68478,1.0476190476190477,-0.04761904761904767
264,21,9,2012,20.268,22.0,31.0,52,98,deficit,-213904616553.58792,1.0454545454545454,-0.045454545454545414
265,22,9,2012,14.472,22.0,28.0,70,98,deficit,-263291173814.8486,1.0434782608695652,-0.04347826086956519
266,23,9,2012,20.16,22.0,30.5,58,98,deficit,-711343873309.8602,1.0416666666666667,-0.04166666666666674
267,24,9,2012,17.784000000000002,21.5,31.0,56,98,deficit,-521695117368.7378,1.04,-0.040000000000000036
268,25,9,2012,15.624,22.5,31.0,59,98,surplus,150036738873.97006,1.0384615384615385,-0.03846153846153855
269,26,9,2012,12.965142857142856,21.0,30.1,60,98,surplus,42279415344.953896,1.037037037037037,-0.03703703703703698
270,27,9,2012,18.468,21.0,29.5,64,96,surplus,35617465205.67335,1.0357142857142858,-0.03571428571428581
271,28,9,2012,19.944,22.0,30.5,60,100,surplus,26239842468.456497,1.0344827586206897,-0.034482758620689724
272,29,9,2012,14.88342857142857,20.5,25.0,60,100,deficit,-59373177849.869675,1.0333333333333334,-0.03333333333333344
273,30,9,2012,13.968,20.0,28.0,65,98,deficit,-315887636897.5903,1.032258064516129,-0.032258064516129004
274,1,10,2012,16.632,21.5,29.0,70,100,surplus,830195445.0796854,1.5,-0.5
275,2,10,2012,18.324,22.0,30.0,63,100,deficit,-3414638108.5764656,1.3333333333333333,-0.33333333333333326
276,3,10,2012,14.868,20.5,30.0,62,99,deficit,-11098044866.355581,1.25,-0.25
277,4,10,2012,14.328,21.0,29.0,66,99,deficit,-22572930237.337837,1.2,-0.19999999999999996
278,5,10,2012,16.056,22.5,31.0,59,100,deficit,-33772278610.801163,1.1666666666666667,-0.16666666666666674
279,6,10,2012,12.6,21.0,27.5,71,99,deficit,-48881045597.01698,1.1428571428571428,-0.1428571428571428
280,7,10,2012,19.692,22.12,30.5,58,100,deficit,-37359390888.931465,1.125,-0.125
281,8,10,2012,15.048,23.0,28.5,67,100,deficit,-39965212121.80602,1.1111111111111112,-0.11111111111111116
282,9,10,2012,17.028000000000002,22.0,30.0,62,99,deficit,-102363373177.47163,1.1,-0.10000000000000009
283,10,10,2012,18.540000000000003,22.0,30.5,60,98,deficit,-196499842823.87466,1.0909090909090908,-0.09090909090909083
284,11,10,2012,19.692,22.5,31.0,58,93,deficit,-215346780592.0118,1.0833333333333333,-0.08333333333333326
285,12,10,2012,16.205142857142857,23.5,31.5,55,100,deficit,-314630396561.3552,1.0769230769230769,-0.07692307692307687
286,13,10,2012,20.376,21.5,30.5,50,94,deficit,-392780158848.678,1.0714285714285714,-0.0714285714285714
287,14,10,2012,21.096,22.2,31.5,55,95,deficit,-322055799302.5798,1.0666666666666667,-0.06666666666666665
288,15,10,2012,14.940000000000001,22.0,28.5,65,95,deficit,-385977560152.36584,1.0625,-0.0625
289,16,10,2012,21.708000000000002,22.0,31.0,55,97,deficit,-403462787931.3215,1.0588235294117647,-0.05882352941176472
290,17,10,2012,15.624,22.0,30.0,62,95,deficit,-258499981091.14157,1.0555555555555556,-0.05555555555555558
291,18,10,2012,14.688,21.0,29.5,67,95,deficit,-63024980940.766464,1.0526315789473684,-0.05263157894736836
292,19,10,2012,12.708,21.0,27.5,63,95,surplus,48129392484.15832,1.05,-0.050000000000000044
293,20,10,2012,22.752000000000002,21.0,30.5,53,94,surplus,186478857124.68478,1.0476190476190477,-0.04761904761904767
294,21,10,2012,17.748,21.0,30.5,55,95,deficit,-213904616553.58792,1.0454545454545454,-0.045454545454545414
295,22,10,2012,17.424,23.1,31.0,55,96,deficit,-263291173814.8486,1.0434782608695652,-0.04347826086956519
296,23,10,2012,19.692,22.5,31.0,57,98,deficit,-711343873309.8602,1.0416666666666667,-0.04166666666666674
297,24,10,2012,11.844000000000001,21.5,27.5,75,95,deficit,-521695117368.7378,1.04,-0.040000000000000036
298,25,10,2012,20.376,22.0,31.0,51,94,surplus,150036738873.97006,1.0384615384615385,-0.03846153846153855
299,26,10,2012,18.036,23.0,30.5,55,94,surplus,42279415344.953896,1.037037037037037,-0.03703703703703698
300,27,10,2012,12.204,22.0,28.5,75,96,surplus,35617465205.67335,1.0357142857142858,-0.03571428571428581
301,28,10,2012,16.40057142857143,22.0,32.0,52,94,surplus,26239842468.456497,1.0344827586206897,-0.034482758620689724
302,29,10,2012,20.52,21.0,31.0,64,96,deficit,-59373177849.869675,1.0333333333333334,-0.03333333333333344
303,30,10,2012,21.276,22.0,33.0,54,95,deficit,-315887636897.5903,1.032258064516129,-0.032258064516129004
304,31,10,2012,20.304,24.0,33.0,51,95,deficit,-330453055704.5623,1.03125,-0.03125
305,1,11,2012,21.024,21.0,32.0,58,95,surplus,830195445.0796854,1.5,-0.5
306,2,11,2012,19.476000000000003,22.5,32.5,50,98,deficit,-3414638108.5764656,1.3333333333333333,-0.33333333333333326
307,3,11,2012,20.304,22.5,31.0,55,95,deficit,-11098044866.355581,1.25,-0.25
308,4,11,2012,20.124,22.0,32.0,51,98,deficit,-22572930237.337837,1.2,-0.19999999999999996
309,5,11,2012,21.564,21.5,32.0,51,98,deficit,-33772278610.801163,1.1666666666666667,-0.16666666666666674
310,6,11,2012,20.16,22.0,31.0,54,95,deficit,-48881045597.01698,1.1428571428571428,-0.1428571428571428
311,7,11,2012,19.116,22.5,31.0,51,95,deficit,-37359390888.931465,1.125,-0.125
312,8,11,2012,19.908,21.5,31.5,56,96,deficit,-39965212121.80602,1.1111111111111112,-0.11111111111111116
313,9,11,2012,11.735999999999999,22.0,28.0,70,98,deficit,-102363373177.47163,1.1,-0.10000000000000009
314,10,11,2012,21.564,21.0,32.5,47,96,deficit,-196499842823.87466,1.0909090909090908,-0.09090909090909083
315,11,11,2012,16.848,21.0,31.5,53,95,deficit,-215346780592.0118,1.0833333333333333,-0.08333333333333326
316,12,11,2012,12.996,23.0,31.5,60,95,deficit,-314630396561.3552,1.0769230769230769,-0.07692307692307687
317,13,11,2012,16.410857142857143,24.0,31.5,58,96,deficit,-392780158848.678,1.0714285714285714,-0.0714285714285714
318,14,11,2012,19.008000000000003,24.0,33.0,50,95,deficit,-322055799302.5798,1.0666666666666667,-0.06666666666666665
319,15,11,2012,20.448,24.0,33.0,45,94,deficit,-385977560152.36584,1.0625,-0.0625
320,16,11,2012,20.736,24.0,32.0,43,92,deficit,-403462787931.3215,1.0588235294117647,-0.05882352941176472
321,17,11,2012,21.636,24.5,32.5,45,94,deficit,-258499981091.14157,1.0555555555555556,-0.05555555555555558
322,18,11,2012,20.052000000000003,24.5,33.0,48,95,deficit,-63024980940.766464,1.0526315789473684,-0.05263157894736836
323,19,11,2012,19.62,24.0,34.0,48,96,surplus,48129392484.15832,1.05,-0.050000000000000044
324,20,11,2012,19.656,24.0,35.0,50,96,surplus,186478857124.68478,1.0476190476190477,-0.04761904761904767
325,21,11,2012,21.096,24.0,33.5,50,96,deficit,-213904616553.58792,1.0454545454545454,-0.045454545454545414
326,22,11,2012,19.8,24.0,33.5,56,95,deficit,-263291173814.8486,1.0434782608695652,-0.04347826086956519
327,23,11,2012,18.684,22.0,33.0,50,95,deficit,-711343873309.8602,1.0416666666666667,-0.04166666666666674
328,24,11,2012,19.404,23.0,32.0,50,99,deficit,-521695117368.7378,1.04,-0.040000000000000036
329,25,11,2012,19.44,23.0,32.0,45,95,surplus,150036738873.97006,1.0384615384615385,-0.03846153846153855
330,26,11,2012,15.372,24.0,28.0,75,96,surplus,42279415344.953896,1.037037037037037,-0.03703703703703698
331,27,11,2012,20.016,23.0,31.0,57,94,surplus,35617465205.67335,1.0357142857142858,-0.03571428571428581
332,28,11,2012,18.432000000000002,22.0,33.5,43,95,surplus,26239842468.456497,1.0344827586206897,-0.034482758620689724
333,29,11,2012,16.261714285714284,23.5,34.0,42,93,deficit,-59373177849.869675,1.0333333333333334,-0.03333333333333344
334,30,11,2012,20.952,24.0,33.2,30,95,deficit,-315887636897.5903,1.032258064516129,-0.032258064516129004
335,1,12,2012,19.836,24.0,32.5,52,94,surplus,830195445.0796854,1.5,-0.5
336,2,12,2012,19.8,24.5,34.0,45,96,deficit,-3414638108.5764656,1.3333333333333333,-0.33333333333333326
337,3,12,2012,15.984000000000002,24.5,33.0,50,96,deficit,-11098044866.355581,1.25,-0.25
338,4,12,2012,18.828000000000003,24.0,33.0,45,93,deficit,-22572930237.337837,1.2,-0.19999999999999996
339,5,12,2012,18.791999999999998,24.5,32.5,45,93,deficit,-33772278610.801163,1.1666666666666667,-0.16666666666666674
340,6,12,2012,18.432000000000002,24.0,33.0,42,91,deficit,-48881045597.01698,1.1428571428571428,-0.1428571428571428
341,7,12,2012,18.612000000000002,24.5,34.0,55,93,deficit,-37359390888.931465,1.125,-0.125
342,8,12,2012,18.036,25.0,32.0,52,94,deficit,-39965212121.80602,1.1111111111111112,-0.11111111111111116
343,9,12,2012,20.412,25.0,33.5,40,95,deficit,-102363373177.47163,1.1,-0.10000000000000009
344,10,12,2012,19.152,24.0,33.5,45,95,deficit,-196499842823.87466,1.0909090909090908,-0.09090909090909083
345,11,12,2012,16.488,24.5,32.0,55,98,deficit,-215346780592.0118,1.0833333333333333,-0.08333333333333326
346,12,12,2012,19.224,23.5,33.0,42,96,deficit,-314630396561.3552,1.0769230769230769,-0.07692307692307687
347,13,12,2012,20.232,24.0,33.5,33,95,deficit,-392780158848.678,1.0714285714285714,-0.0714285714285714
348,14,12,2012,20.52,23.2,33.5,40,92,deficit,-322055799302.5798,1.0666666666666667,-0.06666666666666665
349,15,12,2012,17.532,24.0,33.5,26,91,deficit,-385977560152.36584,1.0625,-0.0625
350,16,12,2012,20.412,23.5,33.0,31,94,deficit,-403462787931.3215,1.0588235294117647,-0.05882352941176472
351,17,12,2012,20.268,21.5,33.0,34,96,deficit,-258499981091.14157,1.0555555555555556,-0.05555555555555558
352,18,12,2012,20.340000000000003,21.5,33.0,12,82,deficit,-63024980940.766464,1.0526315789473684,-0.05263157894736836
353,19,12,2012,20.196,19.0,32.5,13,84,surplus,48129392484.15832,1.05,-0.050000000000000044
354,20,12,2012,20.988,18.0,28.0,25,96,surplus,186478857124.68478,1.0476190476190477,-0.04761904761904767
355,21,12,2012,20.124,16.5,33.5,33,100,deficit,-213904616553.58792,1.0454545454545454,-0.045454545454545414
356,22,12,2012,19.656,20.5,33.5,35,97,deficit,-263291173814.8486,1.0434782608695652,-0.04347826086956519
357,23,12,2012,21.348,20.0,35.0,10,85,deficit,-711343873309.8602,1.0416666666666667,-0.04166666666666674
358,24,12,2012,21.168,16.0,34.5,14,86,deficit,-521695117368.7378,1.04,-0.040000000000000036
359,25,12,2012,21.528000000000002,23.5,34.0,25,96,surplus,150036738873.97006,1.0384615384615385,-0.03846153846153855
360,26,12,2012,21.096,22.0,32.0,14,95,surplus,42279415344.953896,1.037037037037037,-0.03703703703703698
361,27,12,2012,20.988,18.5,34.0,24,90,surplus,35617465205.67335,1.0357142857142858,-0.03571428571428581
362,28,12,2012,20.772,19.0,33.0,30,89,surplus,26239842468.456497,1.0344827586206897,-0.034482758620689724
363,29,12,2012,21.096,19.5,33.5,14,93,deficit,-59373177849.869675,1.0333333333333334,-0.03333333333333344
364,30,12,2012,20.196,21.0,33.5,24,95,deficit,-315887636897.5903,1.032258064516129,-0.032258064516129004
365,31,12,2012,20.977714285714285,21.0,33.0,7,90,deficit,-330453055704.5623,1.03125,-0.03125
