,Day,Month,Year,SolRadiation (MJ/m²/day),TempMin (°C),TempMax (°C),RelHumMin (%),RelHumMax (%),net radiation name,net radiation,surplus,deficit
0,1,1,2013,16.847600000000003,18.0,32.5,15,75,surplus,320522453.17069024,1.5,-0.5
1,2,1,2013,16.847600000000003,16.5,33.0,19,83,deficit,-3222831987.344731,1.3333333333333333,-0.33333333333333326
2,3,1,2013,16.847600000000003,17.0,33.5,16,80,deficit,-9861855595.231731,1.25,-0.25
3,4,1,2013,16.847600000000003,17.0,34.5,14,87,deficit,-21699779646.595757,1.2,-0.19999999999999996
4,5,1,2013,16.847600000000003,16.0,34.5,16,80,deficit,-30563371717.792706,1.1666666666666667,-0.16666666666666674
5,6,1,2013,16.847600000000003,18.0,35.0,16,85,deficit,-22511291193.30568,1.1428571428571428,-0.1428571428571428
6,7,1,2013,17.6134,17.0,33.5,33,95,deficit,-16155503374.50724,1.125,-0.125
7,8,1,2013,19.145,19.5,33.0,37,95,deficit,-40481244389.5352,1.1111111111111112,-0.11111111111111116
8,9,1,2013,15.316,20.0,33.5,30,90,deficit,-95330187610.14546,1.1,-0.10000000000000009
9,10,1,2013,17.6134,20.0,34.0,17,88,deficit,-129359292624.14,1.0909090909090908,-0.09090909090909083
10,11,1,2013,16.847600000000003,18.0,33.5,20,87,deficit,-158903232940.8247,1.0833333333333333,-0.08333333333333326
11,12,1,2013,16.0818,18.5,34.0,18,88,deficit,-199561303781.38025,1.0769230769230769,-0.07692307692307687
12,13,1,2013,19.145,17.5,34.5,16,94,deficit,-177965259642.29208,1.0714285714285714,-0.0714285714285714
13,14,1,2013,15.316,17.0,33.5,30,86,deficit,-95535179026.55981,1.0666666666666667,-0.06666666666666665
14,15,1,2013,16.0818,19.0,34.5,35,95,deficit,-223010806813.9376,1.0625,-0.0625
15,16,1,2013,13.784400000000002,22.5,35.5,14,93,deficit,-64091650735.48001,1.0588235294117647,-0.05882352941176472
16,17,1,2013,13.784400000000002,22.0,33.5,37,92,surplus,16924984414.562283,1.0555555555555556,-0.05555555555555558
17,18,1,2013,13.018600000000001,23.0,34.5,40,92,surplus,35149260170.791,1.0526315789473684,-0.05263157894736836
18,19,1,2013,13.784400000000002,23.5,34.5,41,90,surplus,43572741286.14869,1.05,-0.050000000000000044
19,20,1,2013,17.6134,24.0,34.0,40,92,surplus,180310363876.1156,1.0476190476190477,-0.04761904761904767
20,21,1,2013,11.487,23.5,34.0,50,92,surplus,203681041027.93326,1.0454545454545454,-0.045454545454545414
21,22,1,2013,13.784400000000002,26.0,35.0,40,92,surplus,116908568166.91554,1.0434782608695652,-0.04347826086956519
22,23,1,2013,12.2528,25.0,36.0,36,92,surplus,112207786254.9586,1.0416666666666667,-0.04166666666666674
23,24,1,2013,12.2528,24.0,33.5,44,92,surplus,150565021994.332,1.04,-0.040000000000000036
24,25,1,2013,16.0818,24.0,34.0,43,94,surplus,49458500432.95992,1.0384615384615385,-0.03846153846153855
25,26,1,2013,15.316,24.0,35.0,38,91,surplus,638233782324.9949,1.037037037037037,-0.03703703703703698
26,27,1,2013,9.1896,25.0,32.0,64,94,deficit,-551058861531.281,1.0357142857142858,-0.03571428571428581
27,28,1,2013,13.018600000000001,23.0,32.0,23,94,deficit,-531146951675.09216,1.0344827586206897,-0.034482758620689724
28,29,1,2013,16.847600000000003,23.0,35.0,21,95,deficit,-408797956527.0923,1.0333333333333334,-0.03333333333333344
29,30,1,2013,12.2528,22.0,34.0,30,95,deficit,-2487843495626.707,1.032258064516129,-0.032258064516129004
30,31,1,2013,16.847600000000003,19.5,33.5,9,25,deficit,-2268941823914.818,1.03125,-0.03125
31,1,2,2013,12.2528,21.0,33.5,9,45,surplus,320522453.17069024,1.5,-0.5
32,2,2,2013,15.316,19.5,31.0,18,76,deficit,-3222831987.344731,1.3333333333333333,-0.33333333333333326
33,3,2,2013,15.316,18.0,32.5,15,77,deficit,-9861855595.231731,1.25,-0.25
34,4,2,2013,14.5502,17.5,35.0,29,90,deficit,-21699779646.595757,1.2,-0.19999999999999996
35,5,2,2013,14.5502,22.5,35.0,28,95,deficit,-30563371717.792706,1.1666666666666667,-0.16666666666666674
36,6,2,2013,10.7212,22.5,33.5,40,94,deficit,-22511291193.30568,1.1428571428571428,-0.1428571428571428
37,7,2,2013,16.0818,23.5,33.5,25,94,deficit,-16155503374.50724,1.125,-0.125
38,8,2,2013,13.018600000000001,23.5,35.0,19,91,deficit,-40481244389.5352,1.1111111111111112,-0.11111111111111116
39,9,2,2013,14.5502,22.5,34.5,27,95,deficit,-95330187610.14546,1.1,-0.10000000000000009
40,10,2,2013,13.018600000000001,24.0,31.5,28,96,deficit,-129359292624.14,1.0909090909090908,-0.09090909090909083
41,11,2,2013,17.6134,24.0,36.0,27,95,deficit,-158903232940.8247,1.0833333333333333,-0.08333333333333326
42,12,2,2013,16.0818,23.0,36.0,26,94,deficit,-199561303781.38025,1.0769230769230769,-0.07692307692307687
43,13,2,2013,19.145,24.0,37.0,25,94,deficit,-177965259642.29208,1.0714285714285714,-0.0714285714285714
44,14,2,2013,15.316,24.0,36.0,26,93,deficit,-95535179026.55981,1.0666666666666667,-0.06666666666666665
45,15,2,2013,16.847600000000003,24.0,35.5,30,92,deficit,-223010806813.9376,1.0625,-0.0625
46,16,2,2013,19.145,24.0,37.0,25,90,deficit,-64091650735.48001,1.0588235294117647,-0.05882352941176472
47,17,2,2013,13.784400000000002,24.5,35.5,35,98,surplus,16924984414.562283,1.0555555555555556,-0.05555555555555558
48,18,2,2013,14.5502,21.5,33.0,35,95,surplus,35149260170.791,1.0526315789473684,-0.05263157894736836
49,19,2,2013,13.018600000000001,21.5,33.0,44,94,surplus,43572741286.14869,1.05,-0.050000000000000044
50,20,2,2013,18.3792,23.0,34.0,43,95,surplus,180310363876.1156,1.0476190476190477,-0.04761904761904767
51,21,2,2013,19.145,21.5,33.5,50,92,surplus,203681041027.93326,1.0454545454545454,-0.045454545454545414
52,22,2,2013,16.847600000000003,22.5,35.0,32,96,surplus,116908568166.91554,1.0434782608695652,-0.04347826086956519
53,23,2,2013,18.3792,22.5,35.0,40,93,surplus,112207786254.9586,1.0416666666666667,-0.04166666666666674
54,24,2,2013,18.3792,24.0,34.5,40,93,surplus,150565021994.332,1.04,-0.040000000000000036
55,25,2,2013,15.316,24.0,34.0,40,93,surplus,49458500432.95992,1.0384615384615385,-0.03846153846153855
56,26,2,2013,13.784400000000002,25.5,35.1,47,94,surplus,638233782324.9949,1.037037037037037,-0.03703703703703698
57,27,2,2013,12.2528,25.5,33.5,51,94,deficit,-551058861531.281,1.0357142857142858,-0.03571428571428581
58,28,2,2013,14.5502,25.5,35.1,40,94,deficit,-531146951675.09216,1.0344827586206897,-0.034482758620689724
59,1,3,2013,16.847600000000003,25.2,34.0,45,93,surplus,320522453.17069024,1.5,-0.5
60,2,3,2013,18.3792,21.5,36.0,40,94,deficit,-3222831987.344731,1.3333333333333333,-0.33333333333333326
61,3,3,2013,22.974,22.0,34.5,47,92,deficit,-9861855595.231731,1.25,-0.25
62,4,3,2013,14.5502,21.5,34.5,45,100,deficit,-21699779646.595757,1.2,-0.19999999999999996
63,5,3,2013,17.6134,21.5,34.0,36,94,deficit,-30563371717.792706,1.1666666666666667,-0.16666666666666674
64,6,3,2013,18.3792,23.5,35.0,40,93,deficit,-22511291193.30568,1.1428571428571428,-0.1428571428571428
65,7,3,2013,18.3792,25.5,35.0,42,93,deficit,-16155503374.50724,1.125,-0.125
66,8,3,2013,17.6134,25.0,35.0,44,97,deficit,-40481244389.5352,1.1111111111111112,-0.11111111111111116
67,9,3,2013,16.847600000000003,24.0,35.0,45,91,deficit,-95330187610.14546,1.1,-0.10000000000000009
68,10,3,2013,17.6134,25.0,34.0,47,93,deficit,-129359292624.14,1.0909090909090908,-0.09090909090909083
69,11,3,2013,18.3792,25.0,35.0,35,94,deficit,-158903232940.8247,1.0833333333333333,-0.08333333333333326
70,12,3,2013,14.5502,24.0,34.5,48,95,deficit,-199561303781.38025,1.0769230769230769,-0.07692307692307687
71,13,3,2013,16.0818,25.0,34.0,47,95,deficit,-177965259642.29208,1.0714285714285714,-0.0714285714285714
72,14,3,2013,17.6134,24.0,35.0,41,94,deficit,-95535179026.55981,1.0666666666666667,-0.06666666666666665
73,15,3,2013,17.6134,25.0,35.0,44,93,deficit,-223010806813.9376,1.0625,-0.0625
74,16,3,2013,15.316,26.0,35.0,43,98,deficit,-64091650735.48001,1.0588235294117647,-0.05882352941176472
75,17,3,2013,19.145,22.2,32.0,54,94,surplus,16924984414.562283,1.0555555555555556,-0.05555555555555558
76,18,3,2013,10.7212,22.0,33.5,48,90,surplus,35149260170.791,1.0526315789473684,-0.05263157894736836
77,19,3,2013,11.487,24.0,34.0,49,95,surplus,43572741286.14869,1.05,-0.050000000000000044
78,20,3,2013,19.145,25.5,35.0,44,92,surplus,180310363876.1156,1.0476190476190477,-0.04761904761904767
79,21,3,2013,18.3792,25.0,32.5,51,93,surplus,203681041027.93326,1.0454545454545454,-0.045454545454545414
80,22,3,2013,13.784400000000002,25.0,35.0,45,93,surplus,116908568166.91554,1.0434782608695652,-0.04347826086956519
81,23,3,2013,14.5502,25.0,34.0,44,95,surplus,112207786254.9586,1.0416666666666667,-0.04166666666666674
82,24,3,2013,13.018600000000001,23.5,30.5,63,95,surplus,150565021994.332,1.04,-0.040000000000000036
83,25,3,2013,12.2528,24.0,34.5,50,95,surplus,49458500432.95992,1.0384615384615385,-0.03846153846153855
84,26,3,2013,12.2528,23.0,32.5,56,95,surplus,638233782324.9949,1.037037037037037,-0.03703703703703698
85,27,3,2013,14.5502,23.0,33.5,50,95,deficit,-551058861531.281,1.0357142857142858,-0.03571428571428581
86,28,3,2013,9.955400000000001,22.0,29.0,63,92,deficit,-531146951675.09216,1.0344827586206897,-0.034482758620689724
87,29,3,2013,14.5502,21.0,32.0,55,95,deficit,-408797956527.0923,1.0333333333333334,-0.03333333333333344
88,30,3,2013,16.847600000000003,23.0,32.5,60,95,deficit,-2487843495626.707,1.032258064516129,-0.032258064516129004
89,31,3,2013,16.847600000000003,24.0,33.5,46,94,deficit,-2268941823914.818,1.03125,-0.03125
90,1,4,2013,17.6134,23.5,34.5,42,96,surplus,320522453.17069024,1.5,-0.5
91,2,4,2013,8.423800000000002,22.5,26.5,75,96,deficit,-3222831987.344731,1.3333333333333333,-0.33333333333333326
92,3,4,2013,16.847600000000003,21.0,32.0,52,95,deficit,-9861855595.231731,1.25,-0.25
93,4,4,2013,16.847600000000003,22.0,33.0,52,93,deficit,-21699779646.595757,1.2,-0.19999999999999996
94,5,4,2013,19.910800000000002,23.0,34.0,50,94,deficit,-30563371717.792706,1.1666666666666667,-0.16666666666666674
95,6,4,2013,19.145,20.0,34.0,34,94,deficit,-22511291193.30568,1.1428571428571428,-0.1428571428571428
96,7,4,2013,14.5502,24.5,32.0,58,94,deficit,-16155503374.50724,1.125,-0.125
97,8,4,2013,17.6134,22.5,33.5,55,95,deficit,-40481244389.5352,1.1111111111111112,-0.11111111111111116
98,9,4,2013,8.423800000000002,22.0,27.5,65,97,deficit,-95330187610.14546,1.1,-0.10000000000000009
99,10,4,2013,19.910800000000002,23.0,32.5,51,95,deficit,-129359292624.14,1.0909090909090908,-0.09090909090909083
100,11,4,2013,18.3792,23.5,34.5,45,94,deficit,-158903232940.8247,1.0833333333333333,-0.08333333333333326
101,12,4,2013,16.0818,24.0,33.5,50,95,deficit,-199561303781.38025,1.0769230769230769,-0.07692307692307687
102,13,4,2013,17.6134,22.5,33.0,50,95,deficit,-177965259642.29208,1.0714285714285714,-0.0714285714285714
103,14,4,2013,19.910800000000002,24.0,34.5,43,95,deficit,-95535179026.55981,1.0666666666666667,-0.06666666666666665
104,15,4,2013,10.7212,21.5,31.0,56,96,deficit,-223010806813.9376,1.0625,-0.0625
105,16,4,2013,19.910800000000002,21.5,32.5,50,95,deficit,-64091650735.48001,1.0588235294117647,-0.05882352941176472
106,17,4,2013,17.6134,23.5,34.0,48,95,surplus,16924984414.562283,1.0555555555555556,-0.05555555555555558
107,18,4,2013,18.3792,24.0,33.0,52,100,surplus,35149260170.791,1.0526315789473684,-0.05263157894736836
108,19,4,2013,17.6134,22.0,33.0,51,95,surplus,43572741286.14869,1.05,-0.050000000000000044
109,20,4,2013,16.0818,22.5,33.5,50,95,surplus,180310363876.1156,1.0476190476190477,-0.04761904761904767
110,21,4,2013,19.910800000000002,22.0,34.0,49,100,surplus,203681041027.93326,1.0454545454545454,-0.045454545454545414
111,22,4,2013,16.0818,22.0,31.0,55,95,surplus,116908568166.91554,1.0434782608695652,-0.04347826086956519
112,23,4,2013,8.423800000000002,22.5,29.5,70,96,surplus,112207786254.9586,1.0416666666666667,-0.04166666666666674
113,24,4,2013,19.145,24.0,33.0,50,97,surplus,150565021994.332,1.04,-0.040000000000000036
114,25,4,2013,19.145,23.0,33.0,49,100,surplus,49458500432.95992,1.0384615384615385,-0.03846153846153855
115,26,4,2013,19.145,22.0,31.0,62,95,surplus,638233782324.9949,1.037037037037037,-0.03703703703703698
116,27,4,2013,19.910800000000002,22.0,31.5,52,95,deficit,-551058861531.281,1.0357142857142858,-0.03571428571428581
117,28,4,2013,16.0818,23.5,31.5,53,98,deficit,-531146951675.09216,1.0344827586206897,-0.034482758620689724
118,29,4,2013,16.847600000000003,22.5,33.0,48,95,deficit,-408797956527.0923,1.0333333333333334,-0.03333333333333344
119,30,4,2013,13.784400000000002,23.5,34.0,50,100,deficit,-2487843495626.707,1.032258064516129,-0.032258064516129004
120,1,5,2013,9.955400000000001,22.0,32.5,78,98,surplus,320522453.17069024,1.5,-0.5
121,2,5,2013,15.316,21.5,33.0,49,95,deficit,-3222831987.344731,1.3333333333333333,-0.33333333333333326
122,3,5,2013,16.847600000000003,23.5,32.5,55,94,deficit,-9861855595.231731,1.25,-0.25
123,4,5,2013,17.6134,24.5,32.5,56,95,deficit,-21699779646.595757,1.2,-0.19999999999999996
124,5,5,2013,18.3792,24.0,33.0,54,95,deficit,-30563371717.792706,1.1666666666666667,-0.16666666666666674
125,6,5,2013,6.892200000000001,24.5,27.0,70,92,deficit,-22511291193.30568,1.1428571428571428,-0.1428571428571428
126,7,5,2013,18.3792,23.0,33.0,54,92,deficit,-16155503374.50724,1.125,-0.125
127,8,5,2013,10.7212,22.0,29.5,58,95,deficit,-40481244389.5352,1.1111111111111112,-0.11111111111111116
128,9,5,2013,22.2082,22.2,33.5,50,95,deficit,-95330187610.14546,1.1,-0.10000000000000009
129,10,5,2013,18.3792,23.0,33.0,52,96,deficit,-129359292624.14,1.0909090909090908,-0.09090909090909083
130,11,5,2013,9.1896,24.0,28.0,76,98,deficit,-158903232940.8247,1.0833333333333333,-0.08333333333333326
131,12,5,2013,16.847600000000003,22.0,32.0,54,95,deficit,-199561303781.38025,1.0769230769230769,-0.07692307692307687
132,13,5,2013,18.3792,21.5,30.5,51,95,deficit,-177965259642.29208,1.0714285714285714,-0.0714285714285714
133,14,5,2013,15.316,21.5,31.5,56,97,deficit,-95535179026.55981,1.0666666666666667,-0.06666666666666665
134,15,5,2013,19.145,22.5,31.0,50,95,deficit,-223010806813.9376,1.0625,-0.0625
135,16,5,2013,16.0818,22.5,32.0,53,93,deficit,-64091650735.48001,1.0588235294117647,-0.05882352941176472
136,17,5,2013,13.784400000000002,23.0,29.5,57,95,surplus,16924984414.562283,1.0555555555555556,-0.05555555555555558
137,18,5,2013,16.847600000000003,23.5,32.5,58,95,surplus,35149260170.791,1.0526315789473684,-0.05263157894736836
138,19,5,2013,19.145,22.5,31.0,51,95,surplus,43572741286.14869,1.05,-0.050000000000000044
139,20,5,2013,19.910800000000002,23.0,32.5,55,99,surplus,180310363876.1156,1.0476190476190477,-0.04761904761904767
140,21,5,2013,13.784400000000002,23.0,33.2,50,95,surplus,203681041027.93326,1.0454545454545454,-0.045454545454545414
141,22,5,2013,11.487,23.0,30.2,64,95,surplus,116908568166.91554,1.0434782608695652,-0.04347826086956519
142,23,5,2013,20.676600000000004,22.0,31.5,57,95,surplus,112207786254.9586,1.0416666666666667,-0.04166666666666674
143,24,5,2013,17.6134,23.5,33.0,55,95,surplus,150565021994.332,1.04,-0.040000000000000036
144,25,5,2013,16.847600000000003,24.0,34.0,50,95,surplus,49458500432.95992,1.0384615384615385,-0.03846153846153855
145,26,5,2013,13.784400000000002,18.0,31.5,58,95,surplus,638233782324.9949,1.037037037037037,-0.03703703703703698
146,27,5,2013,22.974,19.5,30.2,59,96,deficit,-551058861531.281,1.0357142857142858,-0.03571428571428581
147,28,5,2013,13.784400000000002,19.5,30.0,50,96,deficit,-531146951675.09216,1.0344827586206897,-0.034482758620689724
148,29,5,2013,18.3792,21.0,30.5,59,92,deficit,-408797956527.0923,1.0333333333333334,-0.03333333333333344
149,30,5,2013,7.658,21.0,24.0,73,93,deficit,-2487843495626.707,1.032258064516129,-0.032258064516129004
150,31,5,2013,18.3792,23.5,31.5,56,95,deficit,-2268941823914.818,1.03125,-0.03125
151,1,6,2013,12.2528,22.0,30.0,43,95,surplus,320522453.17069024,1.5,-0.5
152,2,6,2013,16.847600000000003,22.0,30.0,63,96,deficit,-3222831987.344731,1.3333333333333333,-0.33333333333333326
153,3,6,2013,19.910800000000002,22.0,32.0,54,91,deficit,-9861855595.231731,1.25,-0.25
154,4,6,2013,15.316,22.0,30.0,57,98,deficit,-21699779646.595757,1.2,-0.19999999999999996
155,5,6,2013,16.0818,21.5,32.0,48,96,deficit,-30563371717.792706,1.1666666666666667,-0.16666666666666674
156,6,6,2013,14.5502,21.0,29.0,62,95,deficit,-22511291193.30568,1.1428571428571428,-0.1428571428571428
157,7,6,2013,18.3792,21.0,32.1,55,92,deficit,-16155503374.50724,1.125,-0.125
158,8,6,2013,8.423800000000002,23.2,29.0,70,95,deficit,-40481244389.5352,1.1111111111111112,-0.11111111111111116
159,9,6,2013,13.018600000000001,22.0,28.0,69,97,deficit,-95330187610.14546,1.1,-0.10000000000000009
160,10,6,2013,17.6134,22.0,31.0,59,90,deficit,-129359292624.14,1.0909090909090908,-0.09090909090909083
161,11,6,2013,9.1896,22.2,28.0,75,98,deficit,-158903232940.8247,1.0833333333333333,-0.08333333333333326
162,12,6,2013,18.3792,21.0,31.0,60,95,deficit,-199561303781.38025,1.0769230769230769,-0.07692307692307687
163,13,6,2013,18.3792,22.0,31.5,50,95,deficit,-177965259642.29208,1.0714285714285714,-0.0714285714285714
164,14,6,2013,15.316,23.5,31.5,55,95,deficit,-95535179026.55981,1.0666666666666667,-0.06666666666666665
165,15,6,2013,11.487,22.0,29.0,68,97,deficit,-223010806813.9376,1.0625,-0.0625
166,16,6,2013,16.0818,22.5,32.0,54,95,deficit,-64091650735.48001,1.0588235294117647,-0.05882352941176472
167,17,6,2013,15.316,22.5,31.5,55,96,surplus,16924984414.562283,1.0555555555555556,-0.05555555555555558
168,18,6,2013,18.3792,24.0,32.5,55,97,surplus,35149260170.791,1.0526315789473684,-0.05263157894736836
169,19,6,2013,19.145,23.5,31.0,55,95,surplus,43572741286.14869,1.05,-0.050000000000000044
170,20,6,2013,18.3792,21.5,31.0,55,100,surplus,180310363876.1156,1.0476190476190477,-0.04761904761904767
171,21,6,2013,13.018600000000001,21.0,28.0,80,95,surplus,203681041027.93326,1.0454545454545454,-0.045454545454545414
172,22,6,2013,15.316,23.0,31.5,55,94,surplus,116908568166.91554,1.0434782608695652,-0.04347826086956519
173,23,6,2013,15.316,21.5,30.5,60,95,surplus,112207786254.9586,1.0416666666666667,-0.04166666666666674
174,24,6,2013,9.1896,22.5,27.5,60,95,surplus,150565021994.332,1.04,-0.040000000000000036
175,25,6,2013,9.955400000000001,22.0,27.0,65,96,surplus,49458500432.95992,1.0384615384615385,-0.03846153846153855
176,26,6,2013,13.018600000000001,23.0,30.0,59,95,surplus,638233782324.9949,1.037037037037037,-0.03703703703703698
177,27,6,2013,13.784400000000002,23.0,29.5,64,98,deficit,-551058861531.281,1.0357142857142858,-0.03571428571428581
178,28,6,2013,11.487,22.0,29.0,65,99,deficit,-531146951675.09216,1.0344827586206897,-0.034482758620689724
179,29,6,2013,12.2528,22.0,28.5,65,100,deficit,-408797956527.0923,1.0333333333333334,-0.03333333333333344
180,30,6,2013,15.316,22.0,30.1,60,95,deficit,-2487843495626.707,1.032258064516129,-0.032258064516129004
181,1,7,2013,19.145,22.2,30.0,60,98,surplus,320522453.17069024,1.5,-0.5
182,2,7,2013,16.0818,21.5,30.2,63,100,deficit,-3222831987.344731,1.3333333333333333,-0.33333333333333326
183,3,7,2013,11.487,21.5,29.0,65,98,deficit,-9861855595.231731,1.25,-0.25
184,4,7,2013,6.1264,21.5,26.0,83,100,deficit,-21699779646.595757,1.2,-0.19999999999999996
185,5,7,2013,17.6134,20.0,29.0,62,95,deficit,-30563371717.792706,1.1666666666666667,-0.16666666666666674
186,6,7,2013,17.6134,20.0,29.0,65,95,deficit,-22511291193.30568,1.1428571428571428,-0.1428571428571428
187,7,7,2013,13.018600000000001,22.5,29.0,63,97,deficit,-16155503374.50724,1.125,-0.125
188,8,7,2013,8.423800000000002,22.0,27.5,80,100,deficit,-40481244389.5352,1.1111111111111112,-0.11111111111111116
189,9,7,2013,14.5502,22.0,28.0,65,98,deficit,-95330187610.14546,1.1,-0.10000000000000009
190,10,7,2013,16.847600000000003,22.0,31.0,68,98,deficit,-129359292624.14,1.0909090909090908,-0.09090909090909083
191,11,7,2013,8.423800000000002,22.0,28.0,70,99,deficit,-158903232940.8247,1.0833333333333333,-0.08333333333333326
192,12,7,2013,15.316,20.0,30.0,65,96,deficit,-199561303781.38025,1.0769230769230769,-0.07692307692307687
193,13,7,2013,17.6134,21.0,31.0,55,65,deficit,-177965259642.29208,1.0714285714285714,-0.0714285714285714
194,14,7,2013,12.2528,22.0,27.0,74,98,deficit,-95535179026.55981,1.0666666666666667,-0.06666666666666665
195,15,7,2013,13.784400000000002,22.5,29.0,65,99,deficit,-223010806813.9376,1.0625,-0.0625
196,16,7,2013,17.6134,22.0,30.0,64,98,deficit,-64091650735.48001,1.0588235294117647,-0.05882352941176472
197,17,7,2013,16.0818,22.5,30.0,61,98,surplus,16924984414.562283,1.0555555555555556,-0.05555555555555558
198,18,7,2013,10.7212,22.5,28.0,72,100,surplus,35149260170.791,1.0526315789473684,-0.05263157894736836
199,19,7,2013,16.847600000000003,22.2,29.0,55,96,surplus,43572741286.14869,1.05,-0.050000000000000044
200,20,7,2013,12.2528,22.2,29.0,70,100,surplus,180310363876.1156,1.0476190476190477,-0.04761904761904767
201,21,7,2013,13.784400000000002,20.5,26.0,80,100,surplus,203681041027.93326,1.0454545454545454,-0.045454545454545414
202,22,7,2013,15.316,20.5,30.5,65,100,surplus,116908568166.91554,1.0434782608695652,-0.04347826086956519
203,23,7,2013,16.0818,22.0,29.0,62,100,surplus,112207786254.9586,1.0416666666666667,-0.04166666666666674
204,24,7,2013,9.955400000000001,21.0,26.5,76,99,surplus,150565021994.332,1.04,-0.040000000000000036
205,25,7,2013,7.658,20.5,23.5,93,100,surplus,49458500432.95992,1.0384615384615385,-0.03846153846153855
206,26,7,2013,13.784400000000002,20.5,28.5,65,96,surplus,638233782324.9949,1.037037037037037,-0.03703703703703698
207,27,7,2013,13.784400000000002,21.5,27.5,70,96,deficit,-551058861531.281,1.0357142857142858,-0.03571428571428581
208,28,7,2013,13.018600000000001,23.0,27.0,74,100,deficit,-531146951675.09216,1.0344827586206897,-0.034482758620689724
209,29,7,2013,9.955400000000001,21.5,25.0,85,100,deficit,-408797956527.0923,1.0333333333333334,-0.03333333333333344
210,30,7,2013,9.1896,20.0,27.0,71,98,deficit,-2487843495626.707,1.032258064516129,-0.032258064516129004
211,31,7,2013,13.018600000000001,21.5,29.0,63,96,deficit,-2268941823914.818,1.03125,-0.03125
212,1,8,2013,7.658,21.5,26.5,77,97,surplus,320522453.17069024,1.5,-0.5
213,2,8,2013,10.7212,20.5,28.0,63,98,deficit,-3222831987.344731,1.3333333333333333,-0.33333333333333326
214,3,8,2013,8.423800000000002,21.0,27.0,73,100,deficit,-9861855595.231731,1.25,-0.25
215,4,8,2013,15.316,19.0,29.5,60,100,deficit,-21699779646.595757,1.2,-0.19999999999999996
216,5,8,2013,6.892200000000001,20.0,28.0,60,100,deficit,-30563371717.792706,1.1666666666666667,-0.16666666666666674
217,6,8,2013,13.784400000000002,20.5,28.0,67,100,deficit,-22511291193.30568,1.1428571428571428,-0.1428571428571428
218,7,8,2013,9.1896,20.0,28.0,70,95,deficit,-16155503374.50724,1.125,-0.125
219,8,8,2013,14.5502,21.5,27.0,65,95,deficit,-40481244389.5352,1.1111111111111112,-0.11111111111111116
220,9,8,2013,13.784400000000002,21.0,30.0,50,94,deficit,-95330187610.14546,1.1,-0.10000000000000009
221,10,8,2013,15.316,21.0,27.0,64,98,deficit,-129359292624.14,1.0909090909090908,-0.09090909090909083
222,11,8,2013,16.847600000000003,20.0,28.0,64,95,deficit,-158903232940.8247,1.0833333333333333,-0.08333333333333326
223,12,8,2013,9.1896,20.5,26.0,75,99,deficit,-199561303781.38025,1.0769230769230769,-0.07692307692307687
224,13,8,2013,17.6134,20.5,30.5,44,94,deficit,-177965259642.29208,1.0714285714285714,-0.0714285714285714
225,14,8,2013,19.145,21.0,27.5,62,95,deficit,-95535179026.55981,1.0666666666666667,-0.06666666666666665
226,15,8,2013,6.892200000000001,20.5,25.0,77,98,deficit,-223010806813.9376,1.0625,-0.0625
227,16,8,2013,9.1896,20.5,26.0,65,95,deficit,-64091650735.48001,1.0588235294117647,-0.05882352941176472
228,17,8,2013,10.7212,21.0,28.0,63,97,surplus,16924984414.562283,1.0555555555555556,-0.05555555555555558
229,18,8,2013,11.487,21.0,28.0,64,96,surplus,35149260170.791,1.0526315789473684,-0.05263157894736836
230,19,8,2013,11.487,21.0,28.5,65,95,surplus,43572741286.14869,1.05,-0.050000000000000044
231,20,8,2013,9.955400000000001,20.5,26.0,73,98,surplus,180310363876.1156,1.0476190476190477,-0.04761904761904767
232,21,8,2013,17.6134,21.0,29.5,61,94,surplus,203681041027.93326,1.0454545454545454,-0.045454545454545414
233,22,8,2013,9.955400000000001,21.5,30.0,55,95,surplus,116908568166.91554,1.0434782608695652,-0.04347826086956519
234,23,8,2013,9.1896,22.0,27.5,65,95,surplus,112207786254.9586,1.0416666666666667,-0.04166666666666674
235,24,8,2013,16.0818,22.2,29.5,57,95,surplus,150565021994.332,1.04,-0.040000000000000036
236,25,8,2013,12.2528,21.0,29.0,65,94,surplus,49458500432.95992,1.0384615384615385,-0.03846153846153855
237,26,8,2013,9.1896,21.0,28.5,63,95,surplus,638233782324.9949,1.037037037037037,-0.03703703703703698
238,27,8,2013,14.5502,22.5,28.0,72,98,deficit,-551058861531.281,1.0357142857142858,-0.03571428571428581
239,28,8,2013,10.7212,22.0,28.0,78,96,deficit,-531146951675.09216,1.0344827586206897,-0.034482758620689724
240,29,8,2013,9.1896,21.5,25.5,70,95,deficit,-408797956527.0923,1.0333333333333334,-0.03333333333333344
241,30,8,2013,6.892200000000001,22.0,27.5,73,96,deficit,-2487843495626.707,1.032258064516129,-0.032258064516129004
242,31,8,2013,8.423800000000002,22.0,29.0,70,97,deficit,-2268941823914.818,1.03125,-0.03125
243,1,9,2013,14.5502,22.0,26.0,81,95,surplus,320522453.17069024,1.5,-0.5
244,2,9,2013,6.1264,21.5,30.0,60,89,deficit,-3222831987.344731,1.3333333333333333,-0.33333333333333326
245,3,9,2013,9.1896,22.0,28.5,66,95,deficit,-9861855595.231731,1.25,-0.25
246,4,9,2013,11.487,22.5,29.5,66,95,deficit,-21699779646.595757,1.2,-0.19999999999999996
247,5,9,2013,7.658,22.5,27.5,66,94,deficit,-30563371717.792706,1.1666666666666667,-0.16666666666666674
248,6,9,2013,15.316,22.5,30.0,57,96,deficit,-22511291193.30568,1.1428571428571428,-0.1428571428571428
249,7,9,2013,13.784400000000002,22.0,29.0,58,93,deficit,-16155503374.50724,1.125,-0.125
250,8,9,2013,10.7212,22.0,28.0,76,97,deficit,-40481244389.5352,1.1111111111111112,-0.11111111111111116
251,9,9,2013,11.487,21.0,29.5,65,95,deficit,-95330187610.14546,1.1,-0.10000000000000009
252,10,9,2013,17.6134,21.5,29.5,62,94,deficit,-129359292624.14,1.0909090909090908,-0.09090909090909083
253,11,9,2013,19.145,22.5,30.5,55,93,deficit,-158903232940.8247,1.0833333333333333,-0.08333333333333326
254,12,9,2013,13.784400000000002,22.0,29.5,56,96,deficit,-199561303781.38025,1.0769230769230769,-0.07692307692307687
255,13,9,2013,19.145,21.5,30.5,55,89,deficit,-177965259642.29208,1.0714285714285714,-0.0714285714285714
256,14,9,2013,16.847600000000003,21.0,29.5,62,94,deficit,-95535179026.55981,1.0666666666666667,-0.06666666666666665
257,15,9,2013,13.018600000000001,20.5,30.5,59,94,deficit,-223010806813.9376,1.0625,-0.0625
258,16,9,2013,16.0818,22.5,30.5,56,92,deficit,-64091650735.48001,1.0588235294117647,-0.05882352941176472
259,17,9,2013,0.0,23.0,30.0,63,95,surplus,16924984414.562283,1.0555555555555556,-0.05555555555555558
260,18,9,2013,0.0,21.0,30.5,60,95,surplus,35149260170.791,1.0526315789473684,-0.05263157894736836
261,19,9,2013,0.0,22.0,31.0,58,93,surplus,43572741286.14869,1.05,-0.050000000000000044
262,20,9,2013,0.0,23.0,30.5,59,95,surplus,180310363876.1156,1.0476190476190477,-0.04761904761904767
263,21,9,2013,0.0,20.0,28.0,65,93,surplus,203681041027.93326,1.0454545454545454,-0.045454545454545414
264,22,9,2013,0.0,21.5,30.0,60,95,surplus,116908568166.91554,1.0434782608695652,-0.04347826086956519
265,23,9,2013,0.0,22.5,25.0,60,95,surplus,112207786254.9586,1.0416666666666667,-0.04166666666666674
266,24,9,2013,12.2528,22.0,29.0,65,95,surplus,150565021994.332,1.04,-0.040000000000000036
267,25,9,2013,14.5502,22.0,29.0,60,94,surplus,49458500432.95992,1.0384615384615385,-0.03846153846153855
268,26,9,2013,15.316,22.0,30.5,59,95,surplus,638233782324.9949,1.037037037037037,-0.03703703703703698
269,27,9,2013,13.018600000000001,22.2,29.0,68,95,deficit,-551058861531.281,1.0357142857142858,-0.03571428571428581
270,28,9,2013,8.423800000000002,23.0,26.5,70,95,deficit,-531146951675.09216,1.0344827586206897,-0.034482758620689724
271,29,9,2013,20.676600000000004,22.0,31.0,50,92,deficit,-408797956527.0923,1.0333333333333334,-0.03333333333333344
272,30,9,2013,13.784400000000002,22.0,30.5,57,95,deficit,-2487843495626.707,1.032258064516129,-0.032258064516129004
273,1,10,2013,21.4424,22.5,30.5,60,95,surplus,320522453.17069024,1.5,-0.5
274,2,10,2013,13.018600000000001,23.0,28.5,70,95,deficit,-3222831987.344731,1.3333333333333333,-0.33333333333333326
275,3,10,2013,17.6134,22.5,30.0,55,94,deficit,-9861855595.231731,1.25,-0.25
276,4,10,2013,11.487,22.5,28.0,70,95,deficit,-21699779646.595757,1.2,-0.19999999999999996
277,5,10,2013,16.0818,23.0,31.0,67,96,deficit,-30563371717.792706,1.1666666666666667,-0.16666666666666674
278,6,10,2013,9.955400000000001,23.0,25.0,77,99,deficit,-22511291193.30568,1.1428571428571428,-0.1428571428571428
279,7,10,2013,16.0818,20.0,30.5,55,93,deficit,-16155503374.50724,1.125,-0.125
280,8,10,2013,17.6134,21.0,30.5,55,94,deficit,-40481244389.5352,1.1111111111111112,-0.11111111111111116
281,9,10,2013,15.316,23.0,30.5,65,94,deficit,-95330187610.14546,1.1,-0.10000000000000009
282,10,10,2013,16.0818,23.0,31.5,48,95,deficit,-129359292624.14,1.0909090909090908,-0.09090909090909083
283,11,10,2013,16.847600000000003,22.0,30.0,56,95,deficit,-158903232940.8247,1.0833333333333333,-0.08333333333333326
284,12,10,2013,18.3792,21.5,30.5,58,92,deficit,-199561303781.38025,1.0769230769230769,-0.07692307692307687
285,13,10,2013,17.6134,22.5,30.5,60,95,deficit,-177965259642.29208,1.0714285714285714,-0.0714285714285714
286,14,10,2013,19.145,21.0,30.0,55,96,deficit,-95535179026.55981,1.0666666666666667,-0.06666666666666665
287,15,10,2013,11.487,21.2,26.5,70,97,deficit,-223010806813.9376,1.0625,-0.0625
288,16,10,2013,19.910800000000002,21.0,31.5,50,95,deficit,-64091650735.48001,1.0588235294117647,-0.05882352941176472
289,17,10,2013,16.0818,22.0,30.5,62,95,surplus,16924984414.562283,1.0555555555555556,-0.05555555555555558
290,18,10,2013,15.316,22.5,30.5,58,94,surplus,35149260170.791,1.0526315789473684,-0.05263157894736836
291,19,10,2013,18.3792,23.0,32.5,50,95,surplus,43572741286.14869,1.05,-0.050000000000000044
292,20,10,2013,16.847600000000003,22.0,32.0,54,94,surplus,180310363876.1156,1.0476190476190477,-0.04761904761904767
293,21,10,2013,15.316,22.5,32.0,54,95,surplus,203681041027.93326,1.0454545454545454,-0.045454545454545414
294,22,10,2013,12.2528,22.0,31.0,55,97,surplus,116908568166.91554,1.0434782608695652,-0.04347826086956519
295,23,10,2013,16.0818,22.0,32.0,55,98,surplus,112207786254.9586,1.0416666666666667,-0.04166666666666674
296,24,10,2013,17.6134,22.0,32.0,52,94,surplus,150565021994.332,1.04,-0.040000000000000036
297,25,10,2013,15.316,22.0,31.0,57,95,surplus,49458500432.95992,1.0384615384615385,-0.03846153846153855
298,26,10,2013,14.5502,23.5,31.5,50,94,surplus,638233782324.9949,1.037037037037037,-0.03703703703703698
299,27,10,2013,20.676600000000004,24.0,31.5,21,94,deficit,-551058861531.281,1.0357142857142858,-0.03571428571428581
300,28,10,2013,13.784400000000002,23.5,31.0,50,94,deficit,-531146951675.09216,1.0344827586206897,-0.034482758620689724
301,29,10,2013,16.847600000000003,23.0,31.0,55,100,deficit,-408797956527.0923,1.0333333333333334,-0.03333333333333344
302,30,10,2013,16.0818,22.0,30.0,56,96,deficit,-2487843495626.707,1.032258064516129,-0.032258064516129004
303,31,10,2013,15.316,21.5,31.0,59,94,deficit,-2268941823914.818,1.03125,-0.03125
304,1,11,2013,15.316,22.0,31.0,60,95,surplus,320522453.17069024,1.5,-0.5
305,2,11,2013,14.5502,22.5,30.0,51,92,deficit,-3222831987.344731,1.3333333333333333,-0.33333333333333326
306,3,11,2013,18.3792,23.5,31.0,56,98,deficit,-9861855595.231731,1.25,-0.25
307,4,11,2013,16.0818,22.0,32.0,53,95,deficit,-21699779646.595757,1.2,-0.19999999999999996
308,5,11,2013,15.316,22.0,32.0,46,96,deficit,-30563371717.792706,1.1666666666666667,-0.16666666666666674
309,6,11,2013,16.847600000000003,22.5,31.0,45,94,deficit,-22511291193.30568,1.1428571428571428,-0.1428571428571428
310,7,11,2013,16.847600000000003,22.0,32.0,51,94,deficit,-16155503374.50724,1.125,-0.125
311,8,11,2013,13.018600000000001,21.5,31.5,54,91,deficit,-40481244389.5352,1.1111111111111112,-0.11111111111111116
312,9,11,2013,17.6134,22.5,32.5,45,90,deficit,-95330187610.14546,1.1,-0.10000000000000009
313,10,11,2013,16.0818,23.0,32.0,46,93,deficit,-129359292624.14,1.0909090909090908,-0.09090909090909083
314,11,11,2013,17.6134,24.0,33.5,42,95,deficit,-158903232940.8247,1.0833333333333333,-0.08333333333333326
315,12,11,2013,16.847600000000003,24.5,34.0,44,95,deficit,-199561303781.38025,1.0769230769230769,-0.07692307692307687
316,13,11,2013,16.0818,24.0,33.0,45,95,deficit,-177965259642.29208,1.0714285714285714,-0.0714285714285714
317,14,11,2013,14.5502,24.5,33.0,44,95,deficit,-95535179026.55981,1.0666666666666667,-0.06666666666666665
318,15,11,2013,15.316,24.0,32.0,48,93,deficit,-223010806813.9376,1.0625,-0.0625
319,16,11,2013,16.847600000000003,24.0,33.0,50,93,deficit,-64091650735.48001,1.0588235294117647,-0.05882352941176472
320,17,11,2013,16.847600000000003,25.0,34.0,50,94,surplus,16924984414.562283,1.0555555555555556,-0.05555555555555558
321,18,11,2013,13.784400000000002,24.0,33.0,50,91,surplus,35149260170.791,1.0526315789473684,-0.05263157894736836
322,19,11,2013,16.0818,23.2,32.5,53,97,surplus,43572741286.14869,1.05,-0.050000000000000044
323,20,11,2013,12.2528,23.5,32.5,50,98,surplus,180310363876.1156,1.0476190476190477,-0.04761904761904767
324,21,11,2013,12.2528,21.5,31.5,59,95,surplus,203681041027.93326,1.0454545454545454,-0.045454545454545414
325,22,11,2013,17.6134,22.0,33.0,48,95,surplus,116908568166.91554,1.0434782608695652,-0.04347826086956519
326,23,11,2013,13.018600000000001,25.0,30.0,64,94,surplus,112207786254.9586,1.0416666666666667,-0.04166666666666674
327,24,11,2013,16.0818,23.0,32.5,50,95,surplus,150565021994.332,1.04,-0.040000000000000036
328,25,11,2013,17.6134,23.0,31.0,55,95,surplus,49458500432.95992,1.0384615384615385,-0.03846153846153855
329,26,11,2013,13.018600000000001,23.5,31.5,50,96,surplus,638233782324.9949,1.037037037037037,-0.03703703703703698
330,27,11,2013,16.847600000000003,23.0,32.0,54,98,deficit,-551058861531.281,1.0357142857142858,-0.03571428571428581
331,28,11,2013,17.6134,22.0,33.0,45,95,deficit,-531146951675.09216,1.0344827586206897,-0.034482758620689724
332,29,11,2013,16.847600000000003,21.5,33.5,43,96,deficit,-408797956527.0923,1.0333333333333334,-0.03333333333333344
333,30,11,2013,16.847600000000003,23.5,33.5,40,92,deficit,-2487843495626.707,1.032258064516129,-0.032258064516129004
334,1,12,2013,16.0818,23.5,33.0,45,95,surplus,320522453.17069024,1.5,-0.5
335,2,12,2013,13.784400000000002,24.0,31.0,63,95,deficit,-3222831987.344731,1.3333333333333333,-0.33333333333333326
336,3,12,2013,12.2528,24.0,31.0,63,95,deficit,-9861855595.231731,1.25,-0.25
337,4,12,2013,17.6134,24.0,31.0,58,96,deficit,-21699779646.595757,1.2,-0.19999999999999996
338,5,12,2013,13.018600000000001,23.5,33.5,25,90,deficit,-30563371717.792706,1.1666666666666667,-0.16666666666666674
339,6,12,2013,17.6134,23.0,32.5,40,95,deficit,-22511291193.30568,1.1428571428571428,-0.1428571428571428
340,7,12,2013,15.316,23.5,32.0,57,95,deficit,-16155503374.50724,1.125,-0.125
341,8,12,2013,17.6134,22.0,31.5,50,95,deficit,-40481244389.5352,1.1111111111111112,-0.11111111111111116
342,9,12,2013,13.784400000000002,21.0,32.0,40,95,deficit,-95330187610.14546,1.1,-0.10000000000000009
343,10,12,2013,16.847600000000003,21.0,32.0,45,93,deficit,-129359292624.14,1.0909090909090908,-0.09090909090909083
344,11,12,2013,19.145,24.0,32.0,45,94,deficit,-158903232940.8247,1.0833333333333333,-0.08333333333333326
345,12,12,2013,17.6134,24.0,33.0,40,93,deficit,-199561303781.38025,1.0769230769230769,-0.07692307692307687
346,13,12,2013,16.0818,24.0,33.0,38,98,deficit,-177965259642.29208,1.0714285714285714,-0.0714285714285714
347,14,12,2013,19.145,21.0,30.0,41,94,deficit,-95535179026.55981,1.0666666666666667,-0.06666666666666665
348,15,12,2013,17.6134,20.5,29.0,38,86,deficit,-223010806813.9376,1.0625,-0.0625
349,16,12,2013,13.784400000000002,19.0,31.0,23,72,deficit,-64091650735.48001,1.0588235294117647,-0.05882352941176472
350,17,12,2013,17.6134,18.0,31.5,21,77,surplus,16924984414.562283,1.0555555555555556,-0.05555555555555558
351,18,12,2013,20.676600000000004,17.0,32.0,23,80,surplus,35149260170.791,1.0526315789473684,-0.05263157894736836
352,19,12,2013,19.145,16.0,31.5,24,90,surplus,43572741286.14869,1.05,-0.050000000000000044
353,20,12,2013,18.3792,16.5,33.0,21,95,surplus,180310363876.1156,1.0476190476190477,-0.04761904761904767
354,21,12,2013,18.3792,17.0,32.0,37,98,surplus,203681041027.93326,1.0454545454545454,-0.045454545454545414
355,22,12,2013,18.3792,17.0,33.0,28,90,surplus,116908568166.91554,1.0434782608695652,-0.04347826086956519
356,23,12,2013,16.847600000000003,18.0,33.0,29,91,surplus,112207786254.9586,1.0416666666666667,-0.04166666666666674
357,24,12,2013,16.0818,23.0,33.0,40,90,surplus,150565021994.332,1.04,-0.040000000000000036
358,25,12,2013,12.2528,24.0,32.0,54,92,surplus,49458500432.95992,1.0384615384615385,-0.03846153846153855
359,26,12,2013,17.6134,24.0,33.0,44,97,surplus,638233782324.9949,1.037037037037037,-0.03703703703703698
360,27,12,2013,16.847600000000003,24.0,33.0,40,95,deficit,-551058861531.281,1.0357142857142858,-0.03571428571428581
361,28,12,2013,14.5502,24.0,33.0,40,92,deficit,-531146951675.09216,1.0344827586206897,-0.034482758620689724
362,29,12,2013,16.847600000000003,24.0,33.0,37,92,deficit,-408797956527.0923,1.0333333333333334,-0.03333333333333344
363,30,12,2013,15.316,24.0,34.0,40,98,deficit,-2487843495626.707,1.032258064516129,-0.032258064516129004
364,31,12,2013,16.0818,24.0,34.0,33,97,deficit,-2268941823914.818,1.03125,-0.03125
