,Day,Month,Year,SolRadiation (MJ/m²/day),TempMin (°C),TempMax (°C),RelHumMin (%),RelHumMax (%),net radiation name,net radiation,surplus,deficit
0,1,1,2014,13.784400000000002,22.0,33.0,41,96,surplus,1826089910.467178,1.5,-0.5
1,2,1,2014,14.5502,22.0,32.0,40,100,surplus,255683047.94406605,1.3333333333333333,-0.33333333333333326
2,3,1,2014,17.6134,23.0,34.0,14,100,deficit,-6097149733.994045,1.25,-0.25
3,4,1,2014,17.6134,21.0,34.0,10,100,surplus,3362214334.7355013,1.2,-0.19999999999999996
4,5,1,2014,13.018600000000001,19.0,32.5,46,100,surplus,5886579429.668066,1.1666666666666667,-0.16666666666666674
5,6,1,2014,16.0818,20.0,33.5,45,98,deficit,-6565279544.679388,1.1428571428571428,-0.1428571428571428
6,7,1,2014,13.784400000000002,21.0,33.0,35,96,deficit,-20161362673.551735,1.125,-0.125
7,8,1,2014,18.3792,21.0,32.5,30,98,deficit,-20710679788.11535,1.1111111111111112,-0.11111111111111116
8,9,1,2014,15.316,21.5,33.0,30,100,deficit,-19310723159.60868,1.1,-0.10000000000000009
9,10,1,2014,15.316,22.0,33.0,32,99,deficit,-20477973257.30732,1.0909090909090908,-0.09090909090909083
10,11,1,2014,16.0818,22.0,32.0,36,98,deficit,-45528187797.2073,1.0833333333333333,-0.08333333333333326
11,12,1,2014,13.784400000000002,21.5,33.0,32,97,deficit,-109891117173.54626,1.0769230769230769,-0.07692307692307687
12,13,1,2014,19.910800000000002,22.0,33.5,21,95,deficit,-837635508.0217372,1.0714285714285714,-0.0714285714285714
13,14,1,2014,16.0818,22.5,33.5,38,98,surplus,29225028341.67637,1.0666666666666667,-0.06666666666666665
14,15,1,2014,18.3792,23.5,34.0,38,98,surplus,135360474333.39847,1.0625,-0.0625
15,16,1,2014,16.847600000000003,25.5,33.0,46,97,deficit,-25515348497.238754,1.0588235294117647,-0.05882352941176472
16,17,1,2014,14.5502,22.0,30.0,48,95,surplus,8979891309.639517,1.0555555555555556,-0.05555555555555558
17,18,1,2014,17.6134,22.5,32.5,45,93,deficit,-357348935819.3761,1.0526315789473684,-0.05263157894736836
18,19,1,2014,19.145,22.5,35.5,11,95,surplus,39844622610.88889,1.05,-0.050000000000000044
19,20,1,2014,17.6134,23.5,33.5,43,91,surplus,41973835936.5451,1.0476190476190477,-0.04761904761904767
20,21,1,2014,17.6134,23.5,33.5,43,91,surplus,188450123658.30026,1.0454545454545454,-0.045454545454545414
21,22,1,2014,9.955400000000001,24.0,33.0,49,95,surplus,54442393517.75367,1.0434782608695652,-0.04347826086956519
22,23,1,2014,17.6134,23.5,33.5,44,90,deficit,-102256096366.09085,1.0416666666666667,-0.04166666666666674
23,24,1,2014,16.847600000000003,22.5,34.5,38,88,deficit,-116143885958.6258,1.04,-0.040000000000000036
24,25,1,2014,13.784400000000002,23.0,34.5,35,91,surplus,131773628750.78471,1.0384615384615385,-0.03846153846153855
25,26,1,2014,18.3792,24.0,33.5,43,94,deficit,-75940568840.02243,1.037037037037037,-0.03703703703703698
26,27,1,2014,16.847600000000003,24.0,34.5,35,90,deficit,-6050613640.727032,1.0357142857142858,-0.03571428571428581
27,28,1,2014,18.3792,23.5,34.0,38,94,surplus,236146241999.9065,1.0344827586206897,-0.034482758620689724
28,29,1,2014,10.7212,24.0,33.5,45,95,surplus,274907220097.7606,1.0333333333333334,-0.03333333333333344
29,30,1,2014,13.784400000000002,24.0,32.5,49,94,surplus,254379617046.35233,1.032258064516129,-0.032258064516129004
30,31,1,2014,9.955400000000001,24.0,31.5,50,95,deficit,-1383142141734.2444,1.03125,-0.03125
31,1,2,2014,14.5502,23.0,35.0,15,71,surplus,1826089910.467178,1.5,-0.5
32,2,2,2014,16.847600000000003,21.0,29.0,7,64,surplus,255683047.94406605,1.3333333333333333,-0.33333333333333326
33,3,2,2014,19.145,19.0,35.0,20,82,deficit,-6097149733.994045,1.25,-0.25
34,4,2,2014,16.847600000000003,19.0,35.0,30,95,surplus,3362214334.7355013,1.2,-0.19999999999999996
35,5,2,2014,19.910800000000002,20.0,35.0,30,93,surplus,5886579429.668066,1.1666666666666667,-0.16666666666666674
36,6,2,2014,18.3792,23.0,36.0,15,95,deficit,-6565279544.679388,1.1428571428571428,-0.1428571428571428
37,7,2,2014,20.676600000000004,24.0,34.0,34,93,deficit,-20161362673.551735,1.125,-0.125
38,8,2,2014,17.6134,24.0,34.5,35,94,deficit,-20710679788.11535,1.1111111111111112,-0.11111111111111116
39,9,2,2014,15.316,23.5,34.5,35,94,deficit,-19310723159.60868,1.1,-0.10000000000000009
40,10,2,2014,17.6134,24.0,34.0,34,94,deficit,-20477973257.30732,1.0909090909090908,-0.09090909090909083
41,11,2,2014,16.847600000000003,23.5,34.5,29,92,deficit,-45528187797.2073,1.0833333333333333,-0.08333333333333326
42,12,2,2014,14.5502,24.0,34.5,40,95,deficit,-109891117173.54626,1.0769230769230769,-0.07692307692307687
43,13,2,2014,16.847600000000003,23.0,34.5,35,97,deficit,-837635508.0217372,1.0714285714285714,-0.0714285714285714
44,14,2,2014,21.4424,23.0,35.5,20,95,surplus,29225028341.67637,1.0666666666666667,-0.06666666666666665
45,15,2,2014,15.316,21.5,33.0,34,98,surplus,135360474333.39847,1.0625,-0.0625
46,16,2,2014,17.6134,21.0,34.0,30,91,deficit,-25515348497.238754,1.0588235294117647,-0.05882352941176472
47,17,2,2014,16.847600000000003,22.0,34.5,20,90,surplus,8979891309.639517,1.0555555555555556,-0.05555555555555558
48,18,2,2014,19.145,23.0,34.5,25,94,deficit,-357348935819.3761,1.0526315789473684,-0.05263157894736836
49,19,2,2014,17.6134,23.0,36.0,28,98,surplus,39844622610.88889,1.05,-0.050000000000000044
50,20,2,2014,16.847600000000003,23.5,36.0,28,98,surplus,41973835936.5451,1.0476190476190477,-0.04761904761904767
51,21,2,2014,19.145,24.0,36.5,27,95,surplus,188450123658.30026,1.0454545454545454,-0.045454545454545414
52,22,2,2014,19.910800000000002,23.5,37.0,15,95,surplus,54442393517.75367,1.0434782608695652,-0.04347826086956519
53,23,2,2014,18.3792,26.0,36.0,32,95,deficit,-102256096366.09085,1.0416666666666667,-0.04166666666666674
54,24,2,2014,15.316,25.5,35.0,47,95,deficit,-116143885958.6258,1.04,-0.040000000000000036
55,25,2,2014,20.676600000000004,22.0,34.0,40,95,surplus,131773628750.78471,1.0384615384615385,-0.03846153846153855
56,26,2,2014,13.784400000000002,22.0,34.0,40,98,deficit,-75940568840.02243,1.037037037037037,-0.03703703703703698
57,27,2,2014,15.316,21.5,36.0,37,87,deficit,-6050613640.727032,1.0357142857142858,-0.03571428571428581
58,28,2,2014,13.018600000000001,23.5,32.0,48,98,surplus,236146241999.9065,1.0344827586206897,-0.034482758620689724
59,1,3,2014,17.6134,23.0,35.0,36,95,surplus,1826089910.467178,1.5,-0.5
60,2,3,2014,15.316,22.0,35.0,5,95,surplus,255683047.94406605,1.3333333333333333,-0.33333333333333326
61,3,3,2014,17.6134,23.0,34.0,20,94,deficit,-6097149733.994045,1.25,-0.25
62,4,3,2014,14.5502,34.0,34.0,36,96,surplus,3362214334.7355013,1.2,-0.19999999999999996
63,5,3,2014,12.2528,25.0,35.0,43,100,surplus,5886579429.668066,1.1666666666666667,-0.16666666666666674
64,6,3,2014,14.5502,22.2,30.5,50,98,deficit,-6565279544.679388,1.1428571428571428,-0.1428571428571428
65,7,3,2014,19.145,22.0,33.0,50,95,deficit,-20161362673.551735,1.125,-0.125
66,8,3,2014,18.3792,22.5,35.0,38,95,deficit,-20710679788.11535,1.1111111111111112,-0.11111111111111116
67,9,3,2014,15.316,24.0,35.5,32,93,deficit,-19310723159.60868,1.1,-0.10000000000000009
68,10,3,2014,12.2528,24.2,33.5,45,94,deficit,-20477973257.30732,1.0909090909090908,-0.09090909090909083
69,11,3,2014,17.6134,25.0,32.0,53,98,deficit,-45528187797.2073,1.0833333333333333,-0.08333333333333326
70,12,3,2014,19.910800000000002,25.0,34.0,45,98,deficit,-109891117173.54626,1.0769230769230769,-0.07692307692307687
71,13,3,2014,18.3792,23.0,30.0,38,95,deficit,-837635508.0217372,1.0714285714285714,-0.0714285714285714
72,14,3,2014,18.3792,20.0,34.0,43,95,surplus,29225028341.67637,1.0666666666666667,-0.06666666666666665
73,15,3,2014,13.784400000000002,25.0,34.5,47,96,surplus,135360474333.39847,1.0625,-0.0625
74,16,3,2014,17.6134,25.5,34.0,50,99,deficit,-25515348497.238754,1.0588235294117647,-0.05882352941176472
75,17,3,2014,18.3792,23.0,33.0,55,93,surplus,8979891309.639517,1.0555555555555556,-0.05555555555555558
76,18,3,2014,11.487,25.0,34.0,48,98,deficit,-357348935819.3761,1.0526315789473684,-0.05263157894736836
77,19,3,2014,20.676600000000004,24.0,34.0,53,96,surplus,39844622610.88889,1.05,-0.050000000000000044
78,20,3,2014,17.6134,23.5,35.0,52,95,surplus,41973835936.5451,1.0476190476190477,-0.04761904761904767
79,21,3,2014,16.847600000000003,24.5,33.5,51,95,surplus,188450123658.30026,1.0454545454545454,-0.045454545454545414
80,22,3,2014,19.910800000000002,24.0,35.0,47,94,surplus,54442393517.75367,1.0434782608695652,-0.04347826086956519
81,23,3,2014,16.847600000000003,24.0,34.0,52,99,deficit,-102256096366.09085,1.0416666666666667,-0.04166666666666674
82,24,3,2014,15.316,21.0,31.0,60,96,deficit,-116143885958.6258,1.04,-0.040000000000000036
83,25,3,2014,19.910800000000002,23.0,33.0,50,90,surplus,131773628750.78471,1.0384615384615385,-0.03846153846153855
84,26,3,2014,20.676600000000004,23.0,33.5,45,91,deficit,-75940568840.02243,1.037037037037037,-0.03703703703703698
85,27,3,2014,16.847600000000003,24.0,34.0,48,95,deficit,-6050613640.727032,1.0357142857142858,-0.03571428571428581
86,28,3,2014,18.3792,21.5,31.2,55,94,surplus,236146241999.9065,1.0344827586206897,-0.034482758620689724
87,29,3,2014,19.145,21.5,32.0,57,92,surplus,274907220097.7606,1.0333333333333334,-0.03333333333333344
88,30,3,2014,20.676600000000004,25.0,33.0,53,98,surplus,254379617046.35233,1.032258064516129,-0.032258064516129004
89,31,3,2014,16.847600000000003,21.0,33.5,44,94,deficit,-1383142141734.2444,1.03125,-0.03125
90,1,4,2014,20.676600000000004,20.5,33.0,47,86,surplus,1826089910.467178,1.5,-0.5
91,2,4,2014,16.0818,25.5,34.5,46,94,surplus,255683047.94406605,1.3333333333333333,-0.33333333333333326
92,3,4,2014,15.316,24.0,32.5,57,95,deficit,-6097149733.994045,1.25,-0.25
93,4,4,2014,21.4424,24.0,34.0,48,92,surplus,3362214334.7355013,1.2,-0.19999999999999996
94,5,4,2014,21.4424,23.0,34.0,44,93,surplus,5886579429.668066,1.1666666666666667,-0.16666666666666674
95,6,4,2014,19.910800000000002,25.5,34.0,49,94,deficit,-6565279544.679388,1.1428571428571428,-0.1428571428571428
96,7,4,2014,21.4424,24.5,34.0,46,92,deficit,-20161362673.551735,1.125,-0.125
97,8,4,2014,18.3792,22.0,34.0,57,94,deficit,-20710679788.11535,1.1111111111111112,-0.11111111111111116
98,9,4,2014,19.145,25.0,34.0,40,100,deficit,-19310723159.60868,1.1,-0.10000000000000009
99,10,4,2014,20.676600000000004,21.0,32.0,53,95,deficit,-20477973257.30732,1.0909090909090908,-0.09090909090909083
100,11,4,2014,17.6134,21.0,31.0,55,95,deficit,-45528187797.2073,1.0833333333333333,-0.08333333333333326
101,12,4,2014,21.4424,20.5,33.0,55,95,deficit,-109891117173.54626,1.0769230769230769,-0.07692307692307687
102,13,4,2014,9.955400000000001,22.0,28.0,74,97,deficit,-837635508.0217372,1.0714285714285714,-0.0714285714285714
103,14,4,2014,22.2082,21.0,33.0,50,94,surplus,29225028341.67637,1.0666666666666667,-0.06666666666666665
104,15,4,2014,22.2082,22.0,33.5,53,96,surplus,135360474333.39847,1.0625,-0.0625
105,16,4,2014,15.316,23.0,33.5,52,96,deficit,-25515348497.238754,1.0588235294117647,-0.05882352941176472
106,17,4,2014,14.5502,24.0,34.0,54,94,surplus,8979891309.639517,1.0555555555555556,-0.05555555555555558
107,18,4,2014,6.892200000000001,24.5,27.0,73,96,deficit,-357348935819.3761,1.0526315789473684,-0.05263157894736836
108,19,4,2014,20.676600000000004,22.0,32.0,56,95,surplus,39844622610.88889,1.05,-0.050000000000000044
109,20,4,2014,16.0818,21.8,32.5,55,94,surplus,41973835936.5451,1.0476190476190477,-0.04761904761904767
110,21,4,2014,20.676600000000004,22.0,32.5,50,95,surplus,188450123658.30026,1.0454545454545454,-0.045454545454545414
111,22,4,2014,17.6134,23.5,32.0,62,92,surplus,54442393517.75367,1.0434782608695652,-0.04347826086956519
112,23,4,2014,16.847600000000003,25.0,32.0,62,95,deficit,-102256096366.09085,1.0416666666666667,-0.04166666666666674
113,24,4,2014,15.316,21.5,26.0,63,90,deficit,-116143885958.6258,1.04,-0.040000000000000036
114,25,4,2014,19.145,25.0,32.0,58,95,surplus,131773628750.78471,1.0384615384615385,-0.03846153846153855
115,26,4,2014,21.4424,23.0,32.0,55,95,deficit,-75940568840.02243,1.037037037037037,-0.03703703703703698
116,27,4,2014,20.676600000000004,23.0,33.0,50,96,deficit,-6050613640.727032,1.0357142857142858,-0.03571428571428581
117,28,4,2014,21.4424,24.0,32.0,47,93,surplus,236146241999.9065,1.0344827586206897,-0.034482758620689724
118,29,4,2014,14.5502,25.0,32.0,54,91,surplus,274907220097.7606,1.0333333333333334,-0.03333333333333344
119,30,4,2014,16.0818,25.0,32.5,52,91,surplus,254379617046.35233,1.032258064516129,-0.032258064516129004
120,1,5,2014,11.487,22.0,32.0,53,95,surplus,1826089910.467178,1.5,-0.5
121,2,5,2014,17.6134,23.0,32.0,48,92,surplus,255683047.94406605,1.3333333333333333,-0.33333333333333326
122,3,5,2014,19.145,23.0,32.0,55,95,deficit,-6097149733.994045,1.25,-0.25
123,4,5,2014,20.676600000000004,23.0,32.0,48,93,surplus,3362214334.7355013,1.2,-0.19999999999999996
124,5,5,2014,18.3792,25.0,33.0,50,94,surplus,5886579429.668066,1.1666666666666667,-0.16666666666666674
125,6,5,2014,14.5502,23.0,30.0,67,95,deficit,-6565279544.679388,1.1428571428571428,-0.1428571428571428
126,7,5,2014,16.847600000000003,24.0,29.0,65,95,deficit,-20161362673.551735,1.125,-0.125
127,8,5,2014,13.018600000000001,23.5,30.0,67,96,deficit,-20710679788.11535,1.1111111111111112,-0.11111111111111116
128,9,5,2014,22.2082,22.0,31.5,55,94,deficit,-19310723159.60868,1.1,-0.10000000000000009
129,10,5,2014,22.974,23.0,32.0,56,92,deficit,-20477973257.30732,1.0909090909090908,-0.09090909090909083
130,11,5,2014,22.974,22.0,32.0,58,95,deficit,-45528187797.2073,1.0833333333333333,-0.08333333333333326
131,12,5,2014,23.739800000000002,23.0,33.0,56,95,deficit,-109891117173.54626,1.0769230769230769,-0.07692307692307687
132,13,5,2014,19.145,22.0,32.0,60,94,deficit,-837635508.0217372,1.0714285714285714,-0.0714285714285714
133,14,5,2014,13.784400000000002,23.0,32.0,56,95,surplus,29225028341.67637,1.0666666666666667,-0.06666666666666665
134,15,5,2014,19.910800000000002,22.0,32.0,57,93,surplus,135360474333.39847,1.0625,-0.0625
135,16,5,2014,19.145,22.0,32.0,55,95,deficit,-25515348497.238754,1.0588235294117647,-0.05882352941176472
136,17,5,2014,20.676600000000004,22.5,32.5,55,95,surplus,8979891309.639517,1.0555555555555556,-0.05555555555555558
137,18,5,2014,20.676600000000004,23.5,33.5,50,95,deficit,-357348935819.3761,1.0526315789473684,-0.05263157894736836
138,19,5,2014,16.847600000000003,23.0,30.5,54,95,surplus,39844622610.88889,1.05,-0.050000000000000044
139,20,5,2014,12.2528,23.0,30.0,69,96,surplus,41973835936.5451,1.0476190476190477,-0.04761904761904767
140,21,5,2014,16.0818,23.0,32.5,54,94,surplus,188450123658.30026,1.0454545454545454,-0.045454545454545414
141,22,5,2014,18.3792,23.8,33.0,52,89,surplus,54442393517.75367,1.0434782608695652,-0.04347826086956519
142,23,5,2014,17.6134,23.0,33.0,54,94,deficit,-102256096366.09085,1.0416666666666667,-0.04166666666666674
143,24,5,2014,19.145,25.0,32.0,59,95,deficit,-116143885958.6258,1.04,-0.040000000000000036
144,25,5,2014,19.910800000000002,24.0,33.0,52,94,surplus,131773628750.78471,1.0384615384615385,-0.03846153846153855
145,26,5,2014,19.910800000000002,25.0,33.5,52,95,deficit,-75940568840.02243,1.037037037037037,-0.03703703703703698
146,27,5,2014,16.847600000000003,21.0,31.0,54,97,deficit,-6050613640.727032,1.0357142857142858,-0.03571428571428581
147,28,5,2014,16.0818,21.0,29.5,65,96,surplus,236146241999.9065,1.0344827586206897,-0.034482758620689724
148,29,5,2014,16.847600000000003,20.5,29.0,65,97,surplus,274907220097.7606,1.0333333333333334,-0.03333333333333344
149,30,5,2014,18.3792,20.5,31.2,60,94,surplus,254379617046.35233,1.032258064516129,-0.032258064516129004
150,31,5,2014,19.145,22.5,32.5,52,93,deficit,-1383142141734.2444,1.03125,-0.03125
151,1,6,2014,8.423800000000002,24.0,26.5,87,95,surplus,1826089910.467178,1.5,-0.5
152,2,6,2014,19.145,22.5,31.5,57,95,surplus,255683047.94406605,1.3333333333333333,-0.33333333333333326
153,3,6,2014,16.847600000000003,22.1,31.0,65,91,deficit,-6097149733.994045,1.25,-0.25
154,4,6,2014,16.847600000000003,22.5,31.5,60,95,surplus,3362214334.7355013,1.2,-0.19999999999999996
155,5,6,2014,12.2528,23.5,29.5,64,95,surplus,5886579429.668066,1.1666666666666667,-0.16666666666666674
156,6,6,2014,16.0818,23.5,30.0,67,97,deficit,-6565279544.679388,1.1428571428571428,-0.1428571428571428
157,7,6,2014,13.018600000000001,22.0,28.0,73,95,deficit,-20161362673.551735,1.125,-0.125
158,8,6,2014,19.910800000000002,23.0,31.0,58,95,deficit,-20710679788.11535,1.1111111111111112,-0.11111111111111116
159,9,6,2014,17.6134,23.0,31.0,62,95,deficit,-19310723159.60868,1.1,-0.10000000000000009
160,10,6,2014,13.784400000000002,23.0,32.0,53,100,deficit,-20477973257.30732,1.0909090909090908,-0.09090909090909083
161,11,6,2014,19.145,21.5,30.0,61,95,deficit,-45528187797.2073,1.0833333333333333,-0.08333333333333326
162,12,6,2014,16.0818,22.5,28.0,72,97,deficit,-109891117173.54626,1.0769230769230769,-0.07692307692307687
163,13,6,2014,19.910800000000002,22.0,31.0,60,95,deficit,-837635508.0217372,1.0714285714285714,-0.0714285714285714
164,14,6,2014,16.847600000000003,23.0,30.0,60,95,surplus,29225028341.67637,1.0666666666666667,-0.06666666666666665
165,15,6,2014,20.676600000000004,23.0,32.0,60,95,surplus,135360474333.39847,1.0625,-0.0625
166,16,6,2014,14.5502,23.5,31.0,60,98,deficit,-25515348497.238754,1.0588235294117647,-0.05882352941176472
167,17,6,2014,21.4424,21.5,31.0,58,95,surplus,8979891309.639517,1.0555555555555556,-0.05555555555555558
168,18,6,2014,15.316,22.0,30.5,65,98,deficit,-357348935819.3761,1.0526315789473684,-0.05263157894736836
169,19,6,2014,18.3792,23.0,31.5,57,94,surplus,39844622610.88889,1.05,-0.050000000000000044
170,20,6,2014,17.6134,23.0,32.0,56,95,surplus,41973835936.5451,1.0476190476190477,-0.04761904761904767
171,21,6,2014,19.145,23.5,32.0,55,94,surplus,188450123658.30026,1.0454545454545454,-0.045454545454545414
172,22,6,2014,14.5502,21.0,29.0,67,93,surplus,54442393517.75367,1.0434782608695652,-0.04347826086956519
173,23,6,2014,18.3792,22.0,30.5,62,100,deficit,-102256096366.09085,1.0416666666666667,-0.04166666666666674
174,24,6,2014,15.316,20.5,30.2,68,100,deficit,-116143885958.6258,1.04,-0.040000000000000036
175,25,6,2014,18.3792,21.0,30.0,65,94,surplus,131773628750.78471,1.0384615384615385,-0.03846153846153855
176,26,6,2014,19.910800000000002,23.0,31.0,62,86,deficit,-75940568840.02243,1.037037037037037,-0.03703703703703698
177,27,6,2014,17.6134,23.0,31.5,60,92,deficit,-6050613640.727032,1.0357142857142858,-0.03571428571428581
178,28,6,2014,15.316,24.0,31.0,60,95,surplus,236146241999.9065,1.0344827586206897,-0.034482758620689724
179,29,6,2014,18.3792,23.0,30.0,65,91,surplus,274907220097.7606,1.0333333333333334,-0.03333333333333344
180,30,6,2014,16.847600000000003,23.5,31.0,63,93,surplus,254379617046.35233,1.032258064516129,-0.032258064516129004
181,1,7,2014,19.910800000000002,23.0,30.5,62,94,surplus,1826089910.467178,1.5,-0.5
182,2,7,2014,19.145,21.0,30.5,60,91,surplus,255683047.94406605,1.3333333333333333,-0.33333333333333326
183,3,7,2014,16.847600000000003,24.0,29.0,71,97,deficit,-6097149733.994045,1.25,-0.25
184,4,7,2014,12.2528,21.0,26.5,70,90,surplus,3362214334.7355013,1.2,-0.19999999999999996
185,5,7,2014,18.3792,21.0,27.0,71,90,surplus,5886579429.668066,1.1666666666666667,-0.16666666666666674
186,6,7,2014,19.145,22.5,29.5,62,90,deficit,-6565279544.679388,1.1428571428571428,-0.1428571428571428
187,7,7,2014,18.3792,24.0,26.5,70,90,deficit,-20161362673.551735,1.125,-0.125
188,8,7,2014,13.018600000000001,22.0,28.5,64,92,deficit,-20710679788.11535,1.1111111111111112,-0.11111111111111116
189,9,7,2014,10.7212,22.5,27.0,70,95,deficit,-19310723159.60868,1.1,-0.10000000000000009
190,10,7,2014,16.0818,22.5,29.0,61,94,deficit,-20477973257.30732,1.0909090909090908,-0.09090909090909083
191,11,7,2014,18.3792,23.5,30.0,65,92,deficit,-45528187797.2073,1.0833333333333333,-0.08333333333333326
192,12,7,2014,19.145,23.5,31.0,60,90,deficit,-109891117173.54626,1.0769230769230769,-0.07692307692307687
193,13,7,2014,13.018600000000001,24.0,29.5,65,94,deficit,-837635508.0217372,1.0714285714285714,-0.0714285714285714
194,14,7,2014,19.910800000000002,23.0,30.0,65,90,surplus,29225028341.67637,1.0666666666666667,-0.06666666666666665
195,15,7,2014,20.676600000000004,23.0,32.0,60,97,surplus,135360474333.39847,1.0625,-0.0625
196,16,7,2014,10.7212,21.5,26.5,75,90,deficit,-25515348497.238754,1.0588235294117647,-0.05882352941176472
197,17,7,2014,8.423800000000002,21.0,27.0,80,90,surplus,8979891309.639517,1.0555555555555556,-0.05555555555555558
198,18,7,2014,10.7212,22.0,28.0,68,91,deficit,-357348935819.3761,1.0526315789473684,-0.05263157894736836
199,19,7,2014,17.6134,22.5,29.0,62,89,surplus,39844622610.88889,1.05,-0.050000000000000044
200,20,7,2014,14.5502,22.0,29.5,59,90,surplus,41973835936.5451,1.0476190476190477,-0.04761904761904767
201,21,7,2014,13.784400000000002,23.5,28.5,69,90,surplus,188450123658.30026,1.0454545454545454,-0.045454545454545414
202,22,7,2014,8.423800000000002,23.0,28.0,69,90,surplus,54442393517.75367,1.0434782608695652,-0.04347826086956519
203,23,7,2014,12.2528,22.5,26.5,72,90,deficit,-102256096366.09085,1.0416666666666667,-0.04166666666666674
204,24,7,2014,13.784400000000002,22.0,28.0,69,91,deficit,-116143885958.6258,1.04,-0.040000000000000036
205,25,7,2014,15.316,22.0,28.0,70,91,surplus,131773628750.78471,1.0384615384615385,-0.03846153846153855
206,26,7,2014,14.5502,22.5,28.0,70,91,deficit,-75940568840.02243,1.037037037037037,-0.03703703703703698
207,27,7,2014,20.676600000000004,22.0,30.0,70,89,deficit,-6050613640.727032,1.0357142857142858,-0.03571428571428581
208,28,7,2014,16.847600000000003,22.5,28.5,75,93,surplus,236146241999.9065,1.0344827586206897,-0.034482758620689724
209,29,7,2014,13.018600000000001,22.5,28.5,75,91,surplus,274907220097.7606,1.0333333333333334,-0.03333333333333344
210,30,7,2014,7.658,23.0,28.0,74,91,surplus,254379617046.35233,1.032258064516129,-0.032258064516129004
211,31,7,2014,9.955400000000001,24.0,26.0,78,93,deficit,-1383142141734.2444,1.03125,-0.03125
212,1,8,2014,10.7212,22.5,26.0,80,94,surplus,1826089910.467178,1.5,-0.5
213,2,8,2014,14.5502,22.5,26.5,75,92,surplus,255683047.94406605,1.3333333333333333,-0.33333333333333326
214,3,8,2014,11.487,22.5,26.5,78,93,deficit,-6097149733.994045,1.25,-0.25
215,4,8,2014,11.487,22.5,26.5,77,96,surplus,3362214334.7355013,1.2,-0.19999999999999996
216,5,8,2014,8.423800000000002,21.0,24.5,83,94,surplus,5886579429.668066,1.1666666666666667,-0.16666666666666674
217,6,8,2014,7.658,20.5,26.0,80,94,deficit,-6565279544.679388,1.1428571428571428,-0.1428571428571428
218,7,8,2014,13.784400000000002,22.0,24.0,67,93,deficit,-20161362673.551735,1.125,-0.125
219,8,8,2014,18.3792,22.5,29.5,65,92,deficit,-20710679788.11535,1.1111111111111112,-0.11111111111111116
220,9,8,2014,13.784400000000002,23.0,28.5,65,92,deficit,-19310723159.60868,1.1,-0.10000000000000009
221,10,8,2014,16.847600000000003,21.5,25.8,65,91,deficit,-20477973257.30732,1.0909090909090908,-0.09090909090909083
222,11,8,2014,10.7212,21.0,28.0,70,93,deficit,-45528187797.2073,1.0833333333333333,-0.08333333333333326
223,12,8,2014,9.1896,21.0,27.0,75,91,deficit,-109891117173.54626,1.0769230769230769,-0.07692307692307687
224,13,8,2014,13.784400000000002,21.0,28.5,67,92,deficit,-837635508.0217372,1.0714285714285714,-0.0714285714285714
225,14,8,2014,15.316,21.0,28.0,57,90,surplus,29225028341.67637,1.0666666666666667,-0.06666666666666665
226,15,8,2014,13.784400000000002,21.0,27.5,68,92,surplus,135360474333.39847,1.0625,-0.0625
227,16,8,2014,12.2528,20.5,26.0,68,90,deficit,-25515348497.238754,1.0588235294117647,-0.05882352941176472
228,17,8,2014,15.316,22.0,28.5,63,90,surplus,8979891309.639517,1.0555555555555556,-0.05555555555555558
229,18,8,2014,9.955400000000001,21.5,26.0,77,94,deficit,-357348935819.3761,1.0526315789473684,-0.05263157894736836
230,19,8,2014,9.1896,22.0,23.0,77,95,surplus,39844622610.88889,1.05,-0.050000000000000044
231,20,8,2014,15.316,20.0,27.5,67,90,surplus,41973835936.5451,1.0476190476190477,-0.04761904761904767
232,21,8,2014,9.1896,21.0,26.5,76,93,surplus,188450123658.30026,1.0454545454545454,-0.045454545454545414
233,22,8,2014,8.423800000000002,22.0,26.0,76,95,surplus,54442393517.75367,1.0434782608695652,-0.04347826086956519
234,23,8,2014,10.7212,21.5,27.0,76,95,deficit,-102256096366.09085,1.0416666666666667,-0.04166666666666674
235,24,8,2014,11.487,21.5,28.0,74,95,deficit,-116143885958.6258,1.04,-0.040000000000000036
236,25,8,2014,12.2528,20.5,28.0,70,98,surplus,131773628750.78471,1.0384615384615385,-0.03846153846153855
237,26,8,2014,8.423800000000002,20.0,25.0,80,95,deficit,-75940568840.02243,1.037037037037037,-0.03703703703703698
238,27,8,2014,15.316,22.0,28.5,65,94,deficit,-6050613640.727032,1.0357142857142858,-0.03571428571428581
239,28,8,2014,10.7212,21.5,29.0,64,94,surplus,236146241999.9065,1.0344827586206897,-0.034482758620689724
240,29,8,2014,6.1264,23.0,25.0,72,96,surplus,274907220097.7606,1.0333333333333334,-0.03333333333333344
241,30,8,2014,9.955400000000001,21.5,29.0,75,92,surplus,254379617046.35233,1.032258064516129,-0.032258064516129004
242,31,8,2014,11.487,22.0,29.5,65,93,deficit,-1383142141734.2444,1.03125,-0.03125
243,1,9,2014,13.784400000000002,22.5,27.5,70,93,surplus,1826089910.467178,1.5,-0.5
244,2,9,2014,12.2528,22.0,28.0,66,92,surplus,255683047.94406605,1.3333333333333333,-0.33333333333333326
245,3,9,2014,14.5502,22.0,28.0,74,92,deficit,-6097149733.994045,1.25,-0.25
246,4,9,2014,10.7212,21.0,28.5,72,95,surplus,3362214334.7355013,1.2,-0.19999999999999996
247,5,9,2014,9.1896,22.0,26.5,75,94,surplus,5886579429.668066,1.1666666666666667,-0.16666666666666674
248,6,9,2014,14.5502,21.5,29.0,61,96,deficit,-6565279544.679388,1.1428571428571428,-0.1428571428571428
249,7,9,2014,15.316,23.0,30.0,65,90,deficit,-20161362673.551735,1.125,-0.125
250,8,9,2014,16.0818,23.0,29.5,65,93,deficit,-20710679788.11535,1.1111111111111112,-0.11111111111111116
251,9,9,2014,8.423800000000002,22.0,29.0,63,93,deficit,-19310723159.60868,1.1,-0.10000000000000009
252,10,9,2014,9.1896,22.0,27.5,70,96,deficit,-20477973257.30732,1.0909090909090908,-0.09090909090909083
253,11,9,2014,16.847600000000003,22.5,30.0,60,95,deficit,-45528187797.2073,1.0833333333333333,-0.08333333333333326
254,12,9,2014,12.2528,21.5,27.0,73,94,deficit,-109891117173.54626,1.0769230769230769,-0.07692307692307687
255,13,9,2014,16.0818,21.5,29.5,64,94,deficit,-837635508.0217372,1.0714285714285714,-0.0714285714285714
256,14,9,2014,19.910800000000002,22.5,30.5,55,94,surplus,29225028341.67637,1.0666666666666667,-0.06666666666666665
257,15,9,2014,13.018600000000001,22.0,30.0,60,96,surplus,135360474333.39847,1.0625,-0.0625
258,16,9,2014,13.018600000000001,21.5,28.0,73,93,deficit,-25515348497.238754,1.0588235294117647,-0.05882352941176472
259,17,9,2014,9.1896,21.0,26.5,80,94,surplus,8979891309.639517,1.0555555555555556,-0.05555555555555558
260,18,9,2014,16.847600000000003,22.0,30.0,58,88,deficit,-357348935819.3761,1.0526315789473684,-0.05263157894736836
261,19,9,2014,14.5502,22.5,29.5,67,90,surplus,39844622610.88889,1.05,-0.050000000000000044
262,20,9,2014,13.784400000000002,23.0,28.0,70,90,surplus,41973835936.5451,1.0476190476190477,-0.04761904761904767
263,21,9,2014,15.316,22.5,29.0,62,90,surplus,188450123658.30026,1.0454545454545454,-0.045454545454545414
264,22,9,2014,18.3792,22.0,28.5,62,90,surplus,54442393517.75367,1.0434782608695652,-0.04347826086956519
265,23,9,2014,13.784400000000002,22.0,29.0,63,93,deficit,-102256096366.09085,1.0416666666666667,-0.04166666666666674
266,24,9,2014,13.018600000000001,22.5,28.0,69,93,deficit,-116143885958.6258,1.04,-0.040000000000000036
267,25,9,2014,15.316,22.5,30.5,56,90,surplus,131773628750.78471,1.0384615384615385,-0.03846153846153855
268,26,9,2014,12.2528,23.0,27.0,62,92,deficit,-75940568840.02243,1.037037037037037,-0.03703703703703698
269,27,9,2014,18.3792,22.5,29.5,61,90,deficit,-6050613640.727032,1.0357142857142858,-0.03571428571428581
270,28,9,2014,13.018600000000001,22.5,30.0,59,90,surplus,236146241999.9065,1.0344827586206897,-0.034482758620689724
271,29,9,2014,18.3792,21.0,29.0,58,90,surplus,274907220097.7606,1.0333333333333334,-0.03333333333333344
272,30,9,2014,6.892200000000001,21.0,24.5,84,92,surplus,254379617046.35233,1.032258064516129,-0.032258064516129004
273,1,10,2014,9.955400000000001,21.5,27.5,71,91,surplus,1826089910.467178,1.5,-0.5
274,2,10,2014,10.7212,22.5,27.5,73,92,surplus,255683047.94406605,1.3333333333333333,-0.33333333333333326
275,3,10,2014,11.487,22.5,28.0,70,95,deficit,-6097149733.994045,1.25,-0.25
276,4,10,2014,18.3792,22.0,30.5,58,90,surplus,3362214334.7355013,1.2,-0.19999999999999996
277,5,10,2014,12.2528,21.5,31.0,60,94,surplus,5886579429.668066,1.1666666666666667,-0.16666666666666674
278,6,10,2014,16.847600000000003,21.5,30.0,60,93,deficit,-6565279544.679388,1.1428571428571428,-0.1428571428571428
279,7,10,2014,11.487,21.0,31.0,55,92,deficit,-20161362673.551735,1.125,-0.125
280,8,10,2014,14.5502,22.0,32.0,55,93,deficit,-20710679788.11535,1.1111111111111112,-0.11111111111111116
281,9,10,2014,10.7212,21.5,31.0,60,94,deficit,-19310723159.60868,1.1,-0.10000000000000009
282,10,10,2014,15.316,22.0,30.0,60,94,deficit,-20477973257.30732,1.0909090909090908,-0.09090909090909083
283,11,10,2014,11.487,21.5,26.5,75,93,deficit,-45528187797.2073,1.0833333333333333,-0.08333333333333326
284,12,10,2014,16.0818,22.0,30.0,63,94,deficit,-109891117173.54626,1.0769230769230769,-0.07692307692307687
285,13,10,2014,15.316,22.0,30.5,60,95,deficit,-837635508.0217372,1.0714285714285714,-0.0714285714285714
286,14,10,2014,15.316,21.0,30.0,68,94,surplus,29225028341.67637,1.0666666666666667,-0.06666666666666665
287,15,10,2014,15.316,21.1,31.0,59,90,surplus,135360474333.39847,1.0625,-0.0625
288,16,10,2014,15.316,22.5,30.0,66,90,deficit,-25515348497.238754,1.0588235294117647,-0.05882352941176472
289,17,10,2014,19.145,23.0,32.0,60,92,surplus,8979891309.639517,1.0555555555555556,-0.05555555555555558
290,18,10,2014,15.316,21.5,28.0,60,92,deficit,-357348935819.3761,1.0526315789473684,-0.05263157894736836
291,19,10,2014,14.5502,20.5,27.0,60,92,surplus,39844622610.88889,1.05,-0.050000000000000044
292,20,10,2014,19.910800000000002,21.0,31.5,47,90,surplus,41973835936.5451,1.0476190476190477,-0.04761904761904767
293,21,10,2014,16.0818,20.0,31.0,52,90,surplus,188450123658.30026,1.0454545454545454,-0.045454545454545414
294,22,10,2014,18.3792,23.0,31.0,44,90,surplus,54442393517.75367,1.0434782608695652,-0.04347826086956519
295,23,10,2014,11.487,24.0,30.5,60,92,deficit,-102256096366.09085,1.0416666666666667,-0.04166666666666674
296,24,10,2014,18.3792,23.3,31.0,65,92,deficit,-116143885958.6258,1.04,-0.040000000000000036
297,25,10,2014,10.7212,22.0,28.0,73,93,surplus,131773628750.78471,1.0384615384615385,-0.03846153846153855
298,26,10,2014,13.784400000000002,22.5,30.0,62,91,deficit,-75940568840.02243,1.037037037037037,-0.03703703703703698
299,27,10,2014,14.5502,22.5,30.5,65,92,deficit,-6050613640.727032,1.0357142857142858,-0.03571428571428581
300,28,10,2014,16.0818,21.0,29.0,65,93,surplus,236146241999.9065,1.0344827586206897,-0.034482758620689724
301,29,10,2014,17.6134,20.5,31.5,45,90,surplus,274907220097.7606,1.0333333333333334,-0.03333333333333344
302,30,10,2014,20.676600000000004,23.5,31.5,55,89,surplus,254379617046.35233,1.032258064516129,-0.032258064516129004
303,31,10,2014,18.3792,24.5,33.0,50,90,deficit,-1383142141734.2444,1.03125,-0.03125
304,1,11,2014,16.847600000000003,24.0,33.0,50,90,surplus,1826089910.467178,1.5,-0.5
305,2,11,2014,16.847600000000003,24.5,32.0,45,90,surplus,255683047.94406605,1.3333333333333333,-0.33333333333333326
306,3,11,2014,16.0818,22.0,32.0,44,95,deficit,-6097149733.994045,1.25,-0.25
307,4,11,2014,11.487,21.5,29.0,70,90,surplus,3362214334.7355013,1.2,-0.19999999999999996
308,5,11,2014,7.658,21.0,26.0,70,92,surplus,5886579429.668066,1.1666666666666667,-0.16666666666666674
309,6,11,2014,11.487,21.5,30.2,58,93,deficit,-6565279544.679388,1.1428571428571428,-0.1428571428571428
310,7,11,2014,16.0818,21.0,31.0,55,90,deficit,-20161362673.551735,1.125,-0.125
311,8,11,2014,14.5502,21.5,31.0,58,90,deficit,-20710679788.11535,1.1111111111111112,-0.11111111111111116
312,9,11,2014,16.847600000000003,22.2,31.0,60,89,deficit,-19310723159.60868,1.1,-0.10000000000000009
313,10,11,2014,16.0818,22.0,30.5,58,89,deficit,-20477973257.30732,1.0909090909090908,-0.09090909090909083
314,11,11,2014,15.316,22.0,30.5,60,90,deficit,-45528187797.2073,1.0833333333333333,-0.08333333333333326
315,12,11,2014,15.316,22.5,31.0,58,90,deficit,-109891117173.54626,1.0769230769230769,-0.07692307692307687
316,13,11,2014,20.676600000000004,22.5,31.5,58,91,deficit,-837635508.0217372,1.0714285714285714,-0.0714285714285714
317,14,11,2014,13.784400000000002,23.5,31.5,50,93,surplus,29225028341.67637,1.0666666666666667,-0.06666666666666665
318,15,11,2014,13.784400000000002,25.5,31.5,48,81,surplus,135360474333.39847,1.0625,-0.0625
319,16,11,2014,17.6134,23.0,31.5,53,90,deficit,-25515348497.238754,1.0588235294117647,-0.05882352941176472
320,17,11,2014,16.847600000000003,22.5,31.5,52,90,surplus,8979891309.639517,1.0555555555555556,-0.05555555555555558
321,18,11,2014,12.2528,23.5,31.5,50,94,deficit,-357348935819.3761,1.0526315789473684,-0.05263157894736836
322,19,11,2014,13.018600000000001,22.5,31.0,50,90,surplus,39844622610.88889,1.05,-0.050000000000000044
323,20,11,2014,13.784400000000002,23.0,32.0,48,90,surplus,41973835936.5451,1.0476190476190477,-0.04761904761904767
324,21,11,2014,19.910800000000002,22.5,33.0,35,92,surplus,188450123658.30026,1.0454545454545454,-0.045454545454545414
325,22,11,2014,14.5502,23.0,32.0,38,90,surplus,54442393517.75367,1.0434782608695652,-0.04347826086956519
326,23,11,2014,15.316,23.5,33.0,31,90,deficit,-102256096366.09085,1.0416666666666667,-0.04166666666666674
327,24,11,2014,12.2528,23.5,31.5,46,81,deficit,-116143885958.6258,1.04,-0.040000000000000036
328,25,11,2014,17.6134,24.0,33.0,45,90,surplus,131773628750.78471,1.0384615384615385,-0.03846153846153855
329,26,11,2014,14.5502,24.0,32.0,48,92,deficit,-75940568840.02243,1.037037037037037,-0.03703703703703698
330,27,11,2014,13.784400000000002,22.0,32.0,40,88,deficit,-6050613640.727032,1.0357142857142858,-0.03571428571428581
331,28,11,2014,12.2528,22.0,30.0,60,89,surplus,236146241999.9065,1.0344827586206897,-0.034482758620689724
332,29,11,2014,16.0818,23.5,32.5,36,90,surplus,274907220097.7606,1.0333333333333334,-0.03333333333333344
333,30,11,2014,16.0818,23.5,32.5,30,90,surplus,254379617046.35233,1.032258064516129,-0.032258064516129004
334,1,12,2014,14.5502,22.0,32.5,44,89,surplus,1826089910.467178,1.5,-0.5
335,2,12,2014,13.018600000000001,22.0,32.5,39,90,surplus,255683047.94406605,1.3333333333333333,-0.33333333333333326
336,3,12,2014,19.910800000000002,23.5,33.5,31,89,deficit,-6097149733.994045,1.25,-0.25
337,4,12,2014,18.3792,24.0,34.0,29,90,surplus,3362214334.7355013,1.2,-0.19999999999999996
338,5,12,2014,13.018600000000001,24.0,34.5,40,90,surplus,5886579429.668066,1.1666666666666667,-0.16666666666666674
339,6,12,2014,14.5502,23.5,34.0,30,89,deficit,-6565279544.679388,1.1428571428571428,-0.1428571428571428
340,7,12,2014,16.0818,24.0,34.0,37,89,deficit,-20161362673.551735,1.125,-0.125
341,8,12,2014,17.6134,24.0,34.0,35,89,deficit,-20710679788.11535,1.1111111111111112,-0.11111111111111116
342,9,12,2014,17.6134,24.5,34.0,32,89,deficit,-19310723159.60868,1.1,-0.10000000000000009
343,10,12,2014,18.3792,24.0,28.5,32,89,deficit,-20477973257.30732,1.0909090909090908,-0.09090909090909083
344,11,12,2014,16.847600000000003,24.0,34.0,40,90,deficit,-45528187797.2073,1.0833333333333333,-0.08333333333333326
345,12,12,2014,15.316,24.0,33.0,29,92,deficit,-109891117173.54626,1.0769230769230769,-0.07692307692307687
346,13,12,2014,13.784400000000002,23.0,29.0,60,86,deficit,-837635508.0217372,1.0714285714285714,-0.0714285714285714
347,14,12,2014,19.910800000000002,20.5,29.5,8,85,surplus,29225028341.67637,1.0666666666666667,-0.06666666666666665
348,15,12,2014,16.0818,20.2,24.0,41,91,surplus,135360474333.39847,1.0625,-0.0625
349,16,12,2014,17.6134,20.0,34.0,34,86,deficit,-25515348497.238754,1.0588235294117647,-0.05882352941176472
350,17,12,2014,16.0818,22.5,34.0,34,89,surplus,8979891309.639517,1.0555555555555556,-0.05555555555555558
351,18,12,2014,16.847600000000003,23.5,34.0,30,90,deficit,-357348935819.3761,1.0526315789473684,-0.05263157894736836
352,19,12,2014,14.5502,22.0,30.7,40,87,surplus,39844622610.88889,1.05,-0.050000000000000044
353,20,12,2014,14.5502,22.0,33.5,38,89,surplus,41973835936.5451,1.0476190476190477,-0.04761904761904767
354,21,12,2014,9.955400000000001,23.5,32.0,40,90,surplus,188450123658.30026,1.0454545454545454,-0.045454545454545414
355,22,12,2014,14.5502,21.5,32.0,35,91,surplus,54442393517.75367,1.0434782608695652,-0.04347826086956519
356,23,12,2014,15.316,21.0,32.5,30,70,deficit,-102256096366.09085,1.0416666666666667,-0.04166666666666674
357,24,12,2014,16.847600000000003,18.5,32.5,11,78,deficit,-116143885958.6258,1.04,-0.040000000000000036
358,25,12,2014,17.6134,17.5,32.5,17,79,surplus,131773628750.78471,1.0384615384615385,-0.03846153846153855
359,26,12,2014,13.9,17.0,32.5,11,75,deficit,-75940568840.02243,1.037037037037037,-0.03703703703703698
360,27,12,2014,16.0818,17.5,32.5,11,80,deficit,-6050613640.727032,1.0357142857142858,-0.03571428571428581
361,28,12,2014,16.847600000000003,18.0,32.5,12,80,surplus,236146241999.9065,1.0344827586206897,-0.034482758620689724
362,29,12,2014,17.6134,17.5,34.0,20,85,surplus,274907220097.7606,1.0333333333333334,-0.03333333333333344
363,30,12,2014,18.3792,18.0,33.0,25,87,surplus,254379617046.35233,1.032258064516129,-0.032258064516129004
364,31,12,2014,14.52905777777773,18.5,33.5,15,72,deficit,-1383142141734.2444,1.03125,-0.03125
