,Day,Month,Year,SolRadiation (MJ/m²/day),TempMin (°C),TempMax (°C),RelHumMin (%),RelHumMax (%),net radiation name,net radiation,surplus,deficit
0,1,1,2015,14.5502,17.0,34.0,13,79,surplus,890743839.008049,1.5,-0.5
1,2,1,2015,16.0818,18.5,33.0,31,81,deficit,-3137680849.7413692,1.3333333333333333,-0.33333333333333326
2,3,1,2015,13.784400000000002,17.5,33.0,20,70,deficit,-15873937818.303398,1.25,-0.25
3,4,1,2015,17.6134,17.5,32.5,18,33,deficit,-30149370572.920345,1.2,-0.19999999999999996
4,5,1,2015,15.316,18.0,32.0,16,41,deficit,-35018372823.11464,1.1666666666666667,-0.16666666666666674
5,6,1,2015,15.316,18.0,31.6,21,69,deficit,-50825019500.39614,1.1428571428571428,-0.1428571428571428
6,7,1,2015,15.316,17.5,32.0,21,74,deficit,-78239890254.067,1.125,-0.125
7,8,1,2015,13.784400000000002,16.5,31.0,20,74,deficit,-115311684187.08807,1.1111111111111112,-0.11111111111111116
8,9,1,2015,16.0818,19.0,33.0,22,44,deficit,-178137352615.93793,1.1,-0.10000000000000009
9,10,1,2015,20.676600000000004,18.0,32.0,16,39,deficit,-188843495201.9704,1.0909090909090908,-0.09090909090909083
10,11,1,2015,17.6134,18.5,32.0,25,39,deficit,-291920900564.36975,1.0833333333333333,-0.08333333333333326
11,12,1,2015,19.910800000000002,13.5,33.0,15,37,deficit,-298237220951.65576,1.0769230769230769,-0.07692307692307687
12,13,1,2015,18.3792,17.0,32.0,19,47,deficit,-273387287107.72882,1.0714285714285714,-0.0714285714285714
13,14,1,2015,15.316,16.0,34.5,17,84,deficit,-327688253497.9395,1.0666666666666667,-0.06666666666666665
14,15,1,2015,15.316,16.0,34.0,16,85,deficit,-366052141463.6076,1.0625,-0.0625
15,16,1,2015,14.5502,16.0,34.0,15,92,deficit,-385042697954.8867,1.0588235294117647,-0.05882352941176472
16,17,1,2015,16.0818,16.0,34.0,18,93,deficit,-374341831077.9271,1.0555555555555556,-0.05555555555555558
17,18,1,2015,18.3792,17.5,34.0,23,86,deficit,-356588055452.29175,1.0526315789473684,-0.05263157894736836
18,19,1,2015,14.5502,18.0,33.0,29,85,deficit,-178811397482.46548,1.05,-0.050000000000000044
19,20,1,2015,17.6134,21.5,33.0,35,89,deficit,-43612522381.25194,1.0476190476190477,-0.04761904761904767
20,21,1,2015,13.784400000000002,23.5,33.5,38,90,deficit,-379657716069.8572,1.0454545454545454,-0.045454545454545414
21,22,1,2015,9.1896,23.0,35.5,20,86,deficit,-152022806685.64166,1.0434782608695652,-0.04347826086956519
22,23,1,2015,12.2528,22.5,33.2,37,89,deficit,-210625842338.46707,1.0416666666666667,-0.04166666666666674
23,24,1,2015,15.316,23.5,34.0,30,90,deficit,-96141269792.24277,1.04,-0.040000000000000036
24,25,1,2015,16.0818,24.0,34.0,35,89,deficit,-56630628861.94509,1.0384615384615385,-0.03846153846153855
25,26,1,2015,14.5502,24.0,34.5,36,89,deficit,-307271887500.00275,1.037037037037037,-0.03703703703703698
26,27,1,2015,23.739800000000002,24.5,35.0,25,89,deficit,-602230544338.7762,1.0357142857142858,-0.03571428571428581
27,28,1,2015,16.847600000000003,24.0,30.1,23,89,deficit,-95796653939.53175,1.0344827586206897,-0.034482758620689724
28,29,1,2015,11.487,24.0,34.0,37,88,deficit,-5223073569.4550905,1.0333333333333334,-0.03333333333333344
29,30,1,2015,10.7212,24.1,34.0,38,91,surplus,83989380322.02223,1.032258064516129,-0.032258064516129004
30,31,1,2015,16.847600000000003,24.0,34.0,42,89,deficit,-80311779758.73663,1.03125,-0.03125
31,1,2,2015,15.316,24.2,35.0,35,89,surplus,890743839.008049,1.5,-0.5
32,2,2,2015,15.316,24.0,35.0,34,86,deficit,-3137680849.7413692,1.3333333333333333,-0.33333333333333326
33,3,2,2015,13.784400000000002,24.5,34.5,40,92,deficit,-15873937818.303398,1.25,-0.25
34,4,2,2015,15.316,25.5,34.0,43,90,deficit,-30149370572.920345,1.2,-0.19999999999999996
35,5,2,2015,16.0818,24.5,34.5,38,90,deficit,-35018372823.11464,1.1666666666666667,-0.16666666666666674
36,6,2,2015,16.847600000000003,25.0,35.5,38,94,deficit,-50825019500.39614,1.1428571428571428,-0.1428571428571428
37,7,2,2015,14.5502,25.0,35.0,41,90,deficit,-78239890254.067,1.125,-0.125
38,8,2,2015,15.316,25.8,36.0,40,90,deficit,-115311684187.08807,1.1111111111111112,-0.11111111111111116
39,9,2,2015,17.6134,25.0,36.5,35,90,deficit,-178137352615.93793,1.1,-0.10000000000000009
40,10,2,2015,18.3792,22.0,36.5,34,94,deficit,-188843495201.9704,1.0909090909090908,-0.09090909090909083
41,11,2,2015,15.316,23.0,34.0,46,90,deficit,-291920900564.36975,1.0833333333333333,-0.08333333333333326
42,12,2,2015,14.5502,24.0,34.0,34,85,deficit,-298237220951.65576,1.0769230769230769,-0.07692307692307687
43,13,2,2015,14.5502,24.0,34.5,36,86,deficit,-273387287107.72882,1.0714285714285714,-0.0714285714285714
44,14,2,2015,19.145,24.0,35.0,32,86,deficit,-327688253497.9395,1.0666666666666667,-0.06666666666666665
45,15,2,2015,19.145,25.5,35.5,33,88,deficit,-366052141463.6076,1.0625,-0.0625
46,16,2,2015,20.676600000000004,24.0,34.0,39,85,deficit,-385042697954.8867,1.0588235294117647,-0.05882352941176472
47,17,2,2015,15.316,23.5,35.0,35,84,deficit,-374341831077.9271,1.0555555555555556,-0.05555555555555558
48,18,2,2015,9.1896,24.0,30.5,60,83,deficit,-356588055452.29175,1.0526315789473684,-0.05263157894736836
49,19,2,2015,16.0818,22.0,32.0,42,85,deficit,-178811397482.46548,1.05,-0.050000000000000044
50,20,2,2015,19.910800000000002,22.0,34.0,33,82,deficit,-43612522381.25194,1.0476190476190477,-0.04761904761904767
51,21,2,2015,19.145,23.6,34.5,35,82,deficit,-379657716069.8572,1.0454545454545454,-0.045454545454545414
52,22,2,2015,16.847600000000003,23.5,35.0,32,82,deficit,-152022806685.64166,1.0434782608695652,-0.04347826086956519
53,23,2,2015,17.6134,24.0,35.0,11,84,deficit,-210625842338.46707,1.0416666666666667,-0.04166666666666674
54,24,2,2015,15.316,23.9,35.0,8,85,deficit,-96141269792.24277,1.04,-0.040000000000000036
55,25,2,2015,20.676600000000004,24.0,34.5,22,85,deficit,-56630628861.94509,1.0384615384615385,-0.03846153846153855
56,26,2,2015,14.5502,24.0,35.5,33,87,deficit,-307271887500.00275,1.037037037037037,-0.03703703703703698
57,27,2,2015,13.784400000000002,25.0,34.0,25,86,deficit,-602230544338.7762,1.0357142857142858,-0.03571428571428581
58,28,2,2015,16.0818,23.0,34.5,28,82,deficit,-95796653939.53175,1.0344827586206897,-0.034482758620689724
59,1,3,2015,16.847600000000003,23.5,36.5,16,80,surplus,890743839.008049,1.5,-0.5
60,2,3,2015,19.145,23.0,36.5,13,84,deficit,-3137680849.7413692,1.3333333333333333,-0.33333333333333326
61,3,3,2015,19.145,23.0,34.8,22,84,deficit,-15873937818.303398,1.25,-0.25
62,4,3,2015,16.847600000000003,24.0,35.5,29,85,deficit,-30149370572.920345,1.2,-0.19999999999999996
63,5,3,2015,13.018600000000001,23.5,35.0,23,83,deficit,-35018372823.11464,1.1666666666666667,-0.16666666666666674
64,6,3,2015,18.3792,25.0,37.0,20,85,deficit,-50825019500.39614,1.1428571428571428,-0.1428571428571428
65,7,3,2015,26.803,25.5,36.0,24,85,deficit,-78239890254.067,1.125,-0.125
66,8,3,2015,21.4424,25.0,37.5,24,85,deficit,-115311684187.08807,1.1111111111111112,-0.11111111111111116
67,9,3,2015,21.4424,25.0,37.5,20,85,deficit,-178137352615.93793,1.1,-0.10000000000000009
68,10,3,2015,23.739800000000002,25.0,37.0,21,83,deficit,-188843495201.9704,1.0909090909090908,-0.09090909090909083
69,11,3,2015,19.145,25.0,36.0,29,75,deficit,-291920900564.36975,1.0833333333333333,-0.08333333333333326
70,12,3,2015,18.3792,25.0,37.0,15,82,deficit,-298237220951.65576,1.0769230769230769,-0.07692307692307687
71,13,3,2015,13.784400000000002,24.0,37.5,34,84,deficit,-273387287107.72882,1.0714285714285714,-0.0714285714285714
72,14,3,2015,19.145,24.5,36.0,25,84,deficit,-327688253497.9395,1.0666666666666667,-0.06666666666666665
73,15,3,2015,14.5502,25.5,36.0,28,82,deficit,-366052141463.6076,1.0625,-0.0625
74,16,3,2015,10.7212,25.0,32.0,28,86,deficit,-385042697954.8867,1.0588235294117647,-0.05882352941176472
75,17,3,2015,16.847600000000003,26.0,35.0,36,84,deficit,-374341831077.9271,1.0555555555555556,-0.05555555555555558
76,18,3,2015,16.847600000000003,22.0,33.0,41,85,deficit,-356588055452.29175,1.0526315789473684,-0.05263157894736836
77,19,3,2015,19.22,22.5,35.0,37,82,deficit,-178811397482.46548,1.05,-0.050000000000000044
78,20,3,2015,19.19,25.5,35.5,38,85,deficit,-43612522381.25194,1.0476190476190477,-0.04761904761904767
79,21,3,2015,15.34,24.5,34.0,45,85,deficit,-379657716069.8572,1.0454545454545454,-0.045454545454545414
80,22,3,2015,18.04,22.0,31.0,40,86,deficit,-152022806685.64166,1.0434782608695652,-0.04347826086956519
81,23,3,2015,20.23,21.5,35.0,40,85,deficit,-210625842338.46707,1.0416666666666667,-0.04166666666666674
82,24,3,2015,18.11,23.2,35.0,41,83,deficit,-96141269792.24277,1.04,-0.040000000000000036
83,25,3,2015,13.54,24.0,33.0,50,85,deficit,-56630628861.94509,1.0384615384615385,-0.03846153846153855
84,26,3,2015,15.316,23.0,33.0,35,85,deficit,-307271887500.00275,1.037037037037037,-0.03703703703703698
85,27,3,2015,16.847600000000003,24.0,32.5,47,80,deficit,-602230544338.7762,1.0357142857142858,-0.03571428571428581
86,28,3,2015,18.3792,24.0,35.0,26,83,deficit,-95796653939.53175,1.0344827586206897,-0.034482758620689724
87,29,3,2015,19.145,26.0,34.0,28,85,deficit,-5223073569.4550905,1.0333333333333334,-0.03333333333333344
88,30,3,2015,16.0818,25.5,32.5,52,85,surplus,83989380322.02223,1.032258064516129,-0.032258064516129004
89,31,3,2015,11.487,23.5,32.5,55,86,deficit,-80311779758.73663,1.03125,-0.03125
90,1,4,2015,14.5502,24.0,31.0,36,85,surplus,890743839.008049,1.5,-0.5
91,2,4,2015,19.145,23.5,35.0,5,85,deficit,-3137680849.7413692,1.3333333333333333,-0.33333333333333326
92,3,4,2015,19.145,24.0,35.0,31,86,deficit,-15873937818.303398,1.25,-0.25
93,4,4,2015,14.5502,25.0,35.5,35,85,deficit,-30149370572.920345,1.2,-0.19999999999999996
94,5,4,2015,19.145,25.2,34.0,40,95,deficit,-35018372823.11464,1.1666666666666667,-0.16666666666666674
95,6,4,2015,21.4424,20.5,33.0,45,85,deficit,-50825019500.39614,1.1428571428571428,-0.1428571428571428
96,7,4,2015,22.974,22.0,34.0,40,85,deficit,-78239890254.067,1.125,-0.125
97,8,4,2015,16.0818,23.0,33.5,46,89,deficit,-115311684187.08807,1.1111111111111112,-0.11111111111111116
98,9,4,2015,16.0818,21.5,31.5,58,87,deficit,-178137352615.93793,1.1,-0.10000000000000009
99,10,4,2015,22.2082,22.0,33.0,50,86,deficit,-188843495201.9704,1.0909090909090908,-0.09090909090909083
100,11,4,2015,17.6134,24.1,32.5,49,85,deficit,-291920900564.36975,1.0833333333333333,-0.08333333333333326
101,12,4,2015,19.910800000000002,23.5,31.5,52,86,deficit,-298237220951.65576,1.0769230769230769,-0.07692307692307687
102,13,4,2015,16.847600000000003,23.5,33.5,36,85,deficit,-273387287107.72882,1.0714285714285714,-0.0714285714285714
103,14,4,2015,19.145,25.0,33.5,15,83,deficit,-327688253497.9395,1.0666666666666667,-0.06666666666666665
104,15,4,2015,17.6134,24.0,35.0,32,83,deficit,-366052141463.6076,1.0625,-0.0625
105,16,4,2015,16.0818,24.0,34.0,39,84,deficit,-385042697954.8867,1.0588235294117647,-0.05882352941176472
106,17,4,2015,17.6134,23.5,35.0,27,85,deficit,-374341831077.9271,1.0555555555555556,-0.05555555555555558
107,18,4,2015,19.910800000000002,23.5,35.0,25,86,deficit,-356588055452.29175,1.0526315789473684,-0.05263157894736836
108,19,4,2015,19.145,25.0,35.0,25,86,deficit,-178811397482.46548,1.05,-0.050000000000000044
109,20,4,2015,18.3792,25.0,35.1,32,85,deficit,-43612522381.25194,1.0476190476190477,-0.04761904761904767
110,21,4,2015,21.4424,24.5,37.0,28,84,deficit,-379657716069.8572,1.0454545454545454,-0.045454545454545414
111,22,4,2015,19.910800000000002,25.1,36.0,32,84,deficit,-152022806685.64166,1.0434782608695652,-0.04347826086956519
112,23,4,2015,17.6134,26.0,35.0,36,80,deficit,-210625842338.46707,1.0416666666666667,-0.04166666666666674
113,24,4,2015,17.6134,24.0,34.5,42,86,deficit,-96141269792.24277,1.04,-0.040000000000000036
114,25,4,2015,18.3792,23.0,33.8,44,87,deficit,-56630628861.94509,1.0384615384615385,-0.03846153846153855
115,26,4,2015,15.316,23.1,31.0,48,87,deficit,-307271887500.00275,1.037037037037037,-0.03703703703703698
116,27,4,2015,19.910800000000002,22.5,35.0,43,85,deficit,-602230544338.7762,1.0357142857142858,-0.03571428571428581
117,28,4,2015,19.910800000000002,22.2,35.0,36,86,deficit,-95796653939.53175,1.0344827586206897,-0.034482758620689724
118,29,4,2015,19.145,22.0,34.5,40,85,deficit,-5223073569.4550905,1.0333333333333334,-0.03333333333333344
119,30,4,2015,16.0818,22.0,35.0,40,86,surplus,83989380322.02223,1.032258064516129,-0.032258064516129004
120,1,5,2015,19.145,24.5,34.0,50,90,surplus,890743839.008049,1.5,-0.5
121,2,5,2015,16.847600000000003,25.0,34.0,44,86,deficit,-3137680849.7413692,1.3333333333333333,-0.33333333333333326
122,3,5,2015,16.847600000000003,25.0,34.5,45,97,deficit,-15873937818.303398,1.25,-0.25
123,4,5,2015,16.0818,24.0,33.0,50,88,deficit,-30149370572.920345,1.2,-0.19999999999999996
124,5,5,2015,8.423800000000002,24.0,29.0,60,95,deficit,-35018372823.11464,1.1666666666666667,-0.16666666666666674
125,6,5,2015,20.676600000000004,21.0,32.5,49,87,deficit,-50825019500.39614,1.1428571428571428,-0.1428571428571428
126,7,5,2015,16.847600000000003,21.5,33.0,49,87,deficit,-78239890254.067,1.125,-0.125
127,8,5,2015,18.3792,24.0,33.5,46,85,deficit,-115311684187.08807,1.1111111111111112,-0.11111111111111116
128,9,5,2015,21.4424,24.5,33.5,43,85,deficit,-178137352615.93793,1.1,-0.10000000000000009
129,10,5,2015,11.487,24.0,32.0,50,83,deficit,-188843495201.9704,1.0909090909090908,-0.09090909090909083
130,11,5,2015,16.847600000000003,23.0,32.0,50,85,deficit,-291920900564.36975,1.0833333333333333,-0.08333333333333326
131,12,5,2015,16.0818,23.5,33.5,44,85,deficit,-298237220951.65576,1.0769230769230769,-0.07692307692307687
132,13,5,2015,15.316,23.5,34.5,45,87,deficit,-273387287107.72882,1.0714285714285714,-0.0714285714285714
133,14,5,2015,14.5502,23.5,31.0,53,87,deficit,-327688253497.9395,1.0666666666666667,-0.06666666666666665
134,15,5,2015,21.4424,22.0,32.5,48,87,deficit,-366052141463.6076,1.0625,-0.0625
135,16,5,2015,19.910800000000002,22.0,34.0,45,89,deficit,-385042697954.8867,1.0588235294117647,-0.05882352941176472
136,17,5,2015,20.676600000000004,23.5,34.2,47,89,deficit,-374341831077.9271,1.0555555555555556,-0.05555555555555558
137,18,5,2015,17.6134,24.0,33.0,55,86,deficit,-356588055452.29175,1.0526315789473684,-0.05263157894736836
138,19,5,2015,16.0818,25.0,32.0,56,85,deficit,-178811397482.46548,1.05,-0.050000000000000044
139,20,5,2015,16.847600000000003,23.5,32.5,55,86,deficit,-43612522381.25194,1.0476190476190477,-0.04761904761904767
140,21,5,2015,15.316,24.0,33.0,50,85,deficit,-379657716069.8572,1.0454545454545454,-0.045454545454545414
141,22,5,2015,16.847600000000003,22.2,33.5,45,86,deficit,-152022806685.64166,1.0434782608695652,-0.04347826086956519
142,23,5,2015,9.1896,22.0,27.5,75,90,deficit,-210625842338.46707,1.0416666666666667,-0.04166666666666674
143,24,5,2015,19.910800000000002,21.5,32.0,50,86,deficit,-96141269792.24277,1.04,-0.040000000000000036
144,25,5,2015,20.676600000000004,22.0,30.6,64,84,deficit,-56630628861.94509,1.0384615384615385,-0.03846153846153855
145,26,5,2015,17.6134,21.0,32.5,56,89,deficit,-307271887500.00275,1.037037037037037,-0.03703703703703698
146,27,5,2015,15.316,22.5,32.5,55,85,deficit,-602230544338.7762,1.0357142857142858,-0.03571428571428581
147,28,5,2015,17.6134,23.0,33.5,50,90,deficit,-95796653939.53175,1.0344827586206897,-0.034482758620689724
148,29,5,2015,20.676600000000004,21.5,32.5,44,87,deficit,-5223073569.4550905,1.0333333333333334,-0.03333333333333344
149,30,5,2015,18.3792,22.5,31.0,55,89,surplus,83989380322.02223,1.032258064516129,-0.032258064516129004
150,31,5,2015,16.847600000000003,23.5,30.5,59,87,deficit,-80311779758.73663,1.03125,-0.03125
151,1,6,2015,16.0818,24.0,32.0,50,90,surplus,890743839.008049,1.5,-0.5
152,2,6,2015,6.892200000000001,22.5,25.0,57,90,deficit,-3137680849.7413692,1.3333333333333333,-0.33333333333333326
153,3,6,2015,16.847600000000003,21.0,30.5,57,90,deficit,-15873937818.303398,1.25,-0.25
154,4,6,2015,17.6134,21.0,30.0,57,90,deficit,-30149370572.920345,1.2,-0.19999999999999996
155,5,6,2015,9.955400000000001,21.0,30.0,68,87,deficit,-35018372823.11464,1.1666666666666667,-0.16666666666666674
156,6,6,2015,19.145,21.0,30.0,60,89,deficit,-50825019500.39614,1.1428571428571428,-0.1428571428571428
157,7,6,2015,20.676600000000004,22.0,31.5,60,87,deficit,-78239890254.067,1.125,-0.125
158,8,6,2015,15.316,23.5,30.5,53,85,deficit,-115311684187.08807,1.1111111111111112,-0.11111111111111116
159,9,6,2015,16.0818,23.5,30.0,60,85,deficit,-178137352615.93793,1.1,-0.10000000000000009
160,10,6,2015,21.4424,23.0,31.0,55,85,deficit,-188843495201.9704,1.0909090909090908,-0.09090909090909083
161,11,6,2015,13.018600000000001,23.0,30.0,62,87,deficit,-291920900564.36975,1.0833333333333333,-0.08333333333333326
162,12,6,2015,14.5502,23.5,31.0,56,87,deficit,-298237220951.65576,1.0769230769230769,-0.07692307692307687
163,13,6,2015,13.018600000000001,22.8,30.0,65,87,deficit,-273387287107.72882,1.0714285714285714,-0.0714285714285714
164,14,6,2015,14.5502,23.0,30.0,60,85,deficit,-327688253497.9395,1.0666666666666667,-0.06666666666666665
165,15,6,2015,14.5502,23.5,30.5,65,86,deficit,-366052141463.6076,1.0625,-0.0625
166,16,6,2015,11.487,23.0,29.5,66,88,deficit,-385042697954.8867,1.0588235294117647,-0.05882352941176472
167,17,6,2015,16.847600000000003,23.0,31.0,58,85,deficit,-374341831077.9271,1.0555555555555556,-0.05555555555555558
168,18,6,2015,19.145,23.0,31.0,60,85,deficit,-356588055452.29175,1.0526315789473684,-0.05263157894736836
169,19,6,2015,14.5502,23.0,31.0,57,97,deficit,-178811397482.46548,1.05,-0.050000000000000044
170,20,6,2015,7.658,23.0,26.0,60,86,deficit,-43612522381.25194,1.0476190476190477,-0.04761904761904767
171,21,6,2015,9.955400000000001,22.5,27.0,69,88,deficit,-379657716069.8572,1.0454545454545454,-0.045454545454545414
172,22,6,2015,15.316,22.0,30.0,57,85,deficit,-152022806685.64166,1.0434782608695652,-0.04347826086956519
173,23,6,2015,16.847600000000003,22.1,30.5,55,85,deficit,-210625842338.46707,1.0416666666666667,-0.04166666666666674
174,24,6,2015,17.6134,23.0,31.5,50,87,deficit,-96141269792.24277,1.04,-0.040000000000000036
175,25,6,2015,13.784400000000002,21.0,30.2,60,89,deficit,-56630628861.94509,1.0384615384615385,-0.03846153846153855
176,26,6,2015,16.0818,21.5,30.5,57,86,deficit,-307271887500.00275,1.037037037037037,-0.03703703703703698
177,27,6,2015,19.145,23.5,30.5,55,85,deficit,-602230544338.7762,1.0357142857142858,-0.03571428571428581
178,28,6,2015,21.4424,23.0,29.0,65,86,deficit,-95796653939.53175,1.0344827586206897,-0.034482758620689724
179,29,6,2015,14.5502,23.0,29.5,65,86,deficit,-5223073569.4550905,1.0333333333333334,-0.03333333333333344
180,30,6,2015,15.316,23.0,29.5,60,86,surplus,83989380322.02223,1.032258064516129,-0.032258064516129004
181,1,7,2015,18.3792,23.5,31.0,50,86,surplus,890743839.008049,1.5,-0.5
182,2,7,2015,3.829,23.0,25.5,80,86,deficit,-3137680849.7413692,1.3333333333333333,-0.33333333333333326
183,3,7,2015,9.955400000000001,22.5,26.5,73,87,deficit,-15873937818.303398,1.25,-0.25
184,4,7,2015,14.5502,22.0,28.5,70,87,deficit,-30149370572.920345,1.2,-0.19999999999999996
185,5,7,2015,9.1896,23.0,27.0,71,77,deficit,-35018372823.11464,1.1666666666666667,-0.16666666666666674
186,6,7,2015,17.6134,22.8,30.5,52,84,deficit,-50825019500.39614,1.1428571428571428,-0.1428571428571428
187,7,7,2015,15.316,22.5,30.5,55,85,deficit,-78239890254.067,1.125,-0.125
188,8,7,2015,11.487,22.5,30.0,62,85,deficit,-115311684187.08807,1.1111111111111112,-0.11111111111111116
189,9,7,2015,12.2528,22.5,31.5,55,88,deficit,-178137352615.93793,1.1,-0.10000000000000009
190,10,7,2015,3.829,23.0,26.0,80,90,deficit,-188843495201.9704,1.0909090909090908,-0.09090909090909083
191,11,7,2015,13.784400000000002,21.5,30.0,51,90,deficit,-291920900564.36975,1.0833333333333333,-0.08333333333333326
192,12,7,2015,18.3792,22.1,30.0,57,88,deficit,-298237220951.65576,1.0769230769230769,-0.07692307692307687
193,13,7,2015,21.4424,23.0,30.5,55,88,deficit,-273387287107.72882,1.0714285714285714,-0.0714285714285714
194,14,7,2015,19.145,23.0,31.0,58,89,deficit,-327688253497.9395,1.0666666666666667,-0.06666666666666665
195,15,7,2015,16.847600000000003,23.0,30.0,58,88,deficit,-366052141463.6076,1.0625,-0.0625
196,16,7,2015,16.0818,23.0,27.5,75,89,deficit,-385042697954.8867,1.0588235294117647,-0.05882352941176472
197,17,7,2015,13.018600000000001,22.0,31.0,60,80,deficit,-374341831077.9271,1.0555555555555556,-0.05555555555555558
198,18,7,2015,16.0818,24.0,31.5,56,89,deficit,-356588055452.29175,1.0526315789473684,-0.05263157894736836
199,19,7,2015,14.5502,23.0,30.5,65,89,deficit,-178811397482.46548,1.05,-0.050000000000000044
200,20,7,2015,10.7212,23.0,28.0,65,89,deficit,-43612522381.25194,1.0476190476190477,-0.04761904761904767
201,21,7,2015,13.784400000000002,22.0,29.5,55,85,deficit,-379657716069.8572,1.0454545454545454,-0.045454545454545414
202,22,7,2015,14.5502,22.0,29.5,55,85,deficit,-152022806685.64166,1.0434782608695652,-0.04347826086956519
203,23,7,2015,17.6134,21.0,30.0,52,84,deficit,-210625842338.46707,1.0416666666666667,-0.04166666666666674
204,24,7,2015,11.487,21.0,28.5,61,86,deficit,-96141269792.24277,1.04,-0.040000000000000036
205,25,7,2015,12.2528,22.0,29.5,60,86,deficit,-56630628861.94509,1.0384615384615385,-0.03846153846153855
206,26,7,2015,17.6134,22.0,30.0,55,85,deficit,-307271887500.00275,1.037037037037037,-0.03703703703703698
207,27,7,2015,3.829,22.0,30.0,55,86,deficit,-602230544338.7762,1.0357142857142858,-0.03571428571428581
208,28,7,2015,6.1264,21.0,26.0,72,89,deficit,-95796653939.53175,1.0344827586206897,-0.034482758620689724
209,29,7,2015,13.784400000000002,21.0,27.0,58,85,deficit,-5223073569.4550905,1.0333333333333334,-0.03333333333333344
210,30,7,2015,13.784400000000002,21.0,27.0,65,86,surplus,83989380322.02223,1.032258064516129,-0.032258064516129004
211,31,7,2015,16.847600000000003,21.0,28.5,60,85,deficit,-80311779758.73663,1.03125,-0.03125
212,1,8,2015,14.5502,21.5,30.0,60,85,surplus,890743839.008049,1.5,-0.5
213,2,8,2015,16.847600000000003,22.0,30.0,56,86,deficit,-3137680849.7413692,1.3333333333333333,-0.33333333333333326
214,3,8,2015,16.0818,22.0,30.0,52,86,deficit,-15873937818.303398,1.25,-0.25
215,4,8,2015,13.018600000000001,22.5,29.0,55,86,deficit,-30149370572.920345,1.2,-0.19999999999999996
216,5,8,2015,10.7212,22.0,29.5,60,86,deficit,-35018372823.11464,1.1666666666666667,-0.16666666666666674
217,6,8,2015,13.018600000000001,21.0,29.5,62,85,deficit,-50825019500.39614,1.1428571428571428,-0.1428571428571428
218,7,8,2015,10.7212,22.5,29.0,63,87,deficit,-78239890254.067,1.125,-0.125
219,8,8,2015,12.2528,22.2,28.0,65,87,deficit,-115311684187.08807,1.1111111111111112,-0.11111111111111116
220,9,8,2015,14.5502,22.5,29.5,58,86,deficit,-178137352615.93793,1.1,-0.10000000000000009
221,10,8,2015,11.487,22.5,28.0,65,85,deficit,-188843495201.9704,1.0909090909090908,-0.09090909090909083
222,11,8,2015,15.316,22.5,29.0,61,86,deficit,-291920900564.36975,1.0833333333333333,-0.08333333333333326
223,12,8,2015,13.018600000000001,22.0,27.0,66,87,deficit,-298237220951.65576,1.0769230769230769,-0.07692307692307687
224,13,8,2015,9.1896,22.5,28.5,64,86,deficit,-273387287107.72882,1.0714285714285714,-0.0714285714285714
225,14,8,2015,9.955400000000001,23.0,28.5,66,89,deficit,-327688253497.9395,1.0666666666666667,-0.06666666666666665
226,15,8,2015,9.1896,22.5,27.0,72,88,deficit,-366052141463.6076,1.0625,-0.0625
227,16,8,2015,14.5502,23.0,29.0,59,90,deficit,-385042697954.8867,1.0588235294117647,-0.05882352941176472
228,17,8,2015,9.955400000000001,22.0,28.5,69,87,deficit,-374341831077.9271,1.0555555555555556,-0.05555555555555558
229,18,8,2015,11.487,21.5,28.0,64,86,deficit,-356588055452.29175,1.0526315789473684,-0.05263157894736836
230,19,8,2015,11.487,22.5,28.0,65,88,deficit,-178811397482.46548,1.05,-0.050000000000000044
231,20,8,2015,12.2528,22.5,30.0,60,90,deficit,-43612522381.25194,1.0476190476190477,-0.04761904761904767
232,21,8,2015,8.423800000000002,22.5,29.0,75,90,deficit,-379657716069.8572,1.0454545454545454,-0.045454545454545414
233,22,8,2015,17.6134,23.5,29.5,60,89,deficit,-152022806685.64166,1.0434782608695652,-0.04347826086956519
234,23,8,2015,7.658,23.0,25.0,75,91,deficit,-210625842338.46707,1.0416666666666667,-0.04166666666666674
235,24,8,2015,6.1264,21.0,24.0,85,90,deficit,-96141269792.24277,1.04,-0.040000000000000036
236,25,8,2015,17.6134,20.0,28.5,65,88,deficit,-56630628861.94509,1.0384615384615385,-0.03846153846153855
237,26,8,2015,14.5502,21.5,30.0,55,88,deficit,-307271887500.00275,1.037037037037037,-0.03703703703703698
238,27,8,2015,9.1896,22.5,28.0,60,88,deficit,-602230544338.7762,1.0357142857142858,-0.03571428571428581
239,28,8,2015,9.1896,23.0,28.0,69,89,deficit,-95796653939.53175,1.0344827586206897,-0.034482758620689724
240,29,8,2015,12.2528,22.5,29.0,64,89,deficit,-5223073569.4550905,1.0333333333333334,-0.03333333333333344
241,30,8,2015,16.0818,22.5,28.5,65,88,surplus,83989380322.02223,1.032258064516129,-0.032258064516129004
242,31,8,2015,4.5948,22.5,25.5,86,90,deficit,-80311779758.73663,1.03125,-0.03125
243,1,9,2015,9.1896,22.0,28.5,60,86,surplus,890743839.008049,1.5,-0.5
244,2,9,2015,16.0818,22.0,30.0,51,85,deficit,-3137680849.7413692,1.3333333333333333,-0.33333333333333326
245,3,9,2015,16.847600000000003,22.1,29.5,55,89,deficit,-15873937818.303398,1.25,-0.25
246,4,9,2015,16.0818,22.5,30.5,56,92,deficit,-30149370572.920345,1.2,-0.19999999999999996
247,5,9,2015,10.7212,21.0,28.0,68,90,deficit,-35018372823.11464,1.1666666666666667,-0.16666666666666674
248,6,9,2015,6.892200000000001,21.5,27.5,75,89,deficit,-50825019500.39614,1.1428571428571428,-0.1428571428571428
249,7,9,2015,12.2528,22.5,28.0,65,90,deficit,-78239890254.067,1.125,-0.125
250,8,9,2015,9.955400000000001,19.5,27.0,69,87,deficit,-115311684187.08807,1.1111111111111112,-0.11111111111111116
251,9,9,2015,12.2528,20.5,29.0,63,97,deficit,-178137352615.93793,1.1,-0.10000000000000009
252,10,9,2015,14.5502,23.0,29.0,65,89,deficit,-188843495201.9704,1.0909090909090908,-0.09090909090909083
253,11,9,2015,9.955400000000001,22.5,27.0,64,90,deficit,-291920900564.36975,1.0833333333333333,-0.08333333333333326
254,12,9,2015,16.0818,21.5,29.5,57,87,deficit,-298237220951.65576,1.0769230769230769,-0.07692307692307687
255,13,9,2015,14.5502,21.5,30.0,60,90,deficit,-273387287107.72882,1.0714285714285714,-0.0714285714285714
256,14,9,2015,12.2528,23.0,28.0,67,88,deficit,-327688253497.9395,1.0666666666666667,-0.06666666666666665
257,15,9,2015,13.018600000000001,22.5,30.0,65,90,deficit,-366052141463.6076,1.0625,-0.0625
258,16,9,2015,9.1896,22.0,26.0,80,89,deficit,-385042697954.8867,1.0588235294117647,-0.05882352941176472
259,17,9,2015,9.955400000000001,22.0,27.0,73,90,deficit,-374341831077.9271,1.0555555555555556,-0.05555555555555558
260,18,9,2015,11.487,22.5,28.5,68,89,deficit,-356588055452.29175,1.0526315789473684,-0.05263157894736836
261,19,9,2015,10.7212,22.5,28.0,67,89,deficit,-178811397482.46548,1.05,-0.050000000000000044
262,20,9,2015,14.5502,23.0,30.0,64,90,deficit,-43612522381.25194,1.0476190476190477,-0.04761904761904767
263,21,9,2015,15.316,22.5,30.0,63,89,deficit,-379657716069.8572,1.0454545454545454,-0.045454545454545414
264,22,9,2015,10.7212,22.0,29.0,65,89,deficit,-152022806685.64166,1.0434782608695652,-0.04347826086956519
265,23,9,2015,15.316,21.5,30.5,60,90,deficit,-210625842338.46707,1.0416666666666667,-0.04166666666666674
266,24,9,2015,12.2528,23.0,30.0,65,94,deficit,-96141269792.24277,1.04,-0.040000000000000036
267,25,9,2015,12.2528,21.5,26.5,70,89,deficit,-56630628861.94509,1.0384615384615385,-0.03846153846153855
268,26,9,2015,19.910800000000002,21.5,31.0,55,89,deficit,-307271887500.00275,1.037037037037037,-0.03703703703703698
269,27,9,2015,20.676600000000004,23.5,31.0,54,90,deficit,-602230544338.7762,1.0357142857142858,-0.03571428571428581
270,28,9,2015,14.5502,22.0,31.0,60,91,deficit,-95796653939.53175,1.0344827586206897,-0.034482758620689724
271,29,9,2015,16.847600000000003,21.0,29.5,65,90,deficit,-5223073569.4550905,1.0333333333333334,-0.03333333333333344
272,30,9,2015,11.487,20.5,30.0,65,89,surplus,83989380322.02223,1.032258064516129,-0.032258064516129004
273,1,10,2015,12.2528,23.0,31.0,59,90,surplus,890743839.008049,1.5,-0.5
274,2,10,2015,9.1896,23.0,30.5,60,90,deficit,-3137680849.7413692,1.3333333333333333,-0.33333333333333326
275,3,10,2015,14.5502,21.0,30.5,60,90,deficit,-15873937818.303398,1.25,-0.25
276,4,10,2015,14.5502,21.0,31.5,55,91,deficit,-30149370572.920345,1.2,-0.19999999999999996
277,5,10,2015,16.847600000000003,23.0,30.5,62,90,deficit,-35018372823.11464,1.1666666666666667,-0.16666666666666674
278,6,10,2015,17.6134,22.5,31.0,60,90,deficit,-50825019500.39614,1.1428571428571428,-0.1428571428571428
279,7,10,2015,16.847600000000003,22.0,31.0,55,89,deficit,-78239890254.067,1.125,-0.125
280,8,10,2015,12.2528,23.0,30.0,54,88,deficit,-115311684187.08807,1.1111111111111112,-0.11111111111111116
281,9,10,2015,15.316,22.5,29.0,67,90,deficit,-178137352615.93793,1.1,-0.10000000000000009
282,10,10,2015,17.6134,21.5,31.0,50,88,deficit,-188843495201.9704,1.0909090909090908,-0.09090909090909083
283,11,10,2015,15.316,21.5,30.5,64,90,deficit,-291920900564.36975,1.0833333333333333,-0.08333333333333326
284,12,10,2015,17.6134,22.0,31.0,54,86,deficit,-298237220951.65576,1.0769230769230769,-0.07692307692307687
285,13,10,2015,19.145,21.5,31.5,56,86,deficit,-273387287107.72882,1.0714285714285714,-0.0714285714285714
286,14,10,2015,11.487,23.5,30.0,67,87,deficit,-327688253497.9395,1.0666666666666667,-0.06666666666666665
287,15,10,2015,14.5502,23.0,31.5,52,90,deficit,-366052141463.6076,1.0625,-0.0625
288,16,10,2015,16.0818,23.0,32.0,50,90,deficit,-385042697954.8867,1.0588235294117647,-0.05882352941176472
289,17,10,2015,19.145,24.0,32.5,54,90,deficit,-374341831077.9271,1.0555555555555556,-0.05555555555555558
290,18,10,2015,15.316,24.0,32.5,54,90,deficit,-356588055452.29175,1.0526315789473684,-0.05263157894736836
291,19,10,2015,16.0818,22.0,32.0,57,94,deficit,-178811397482.46548,1.05,-0.050000000000000044
292,20,10,2015,17.6134,22.0,31.0,58,92,deficit,-43612522381.25194,1.0476190476190477,-0.04761904761904767
293,21,10,2015,14.5502,22.5,30.5,65,91,deficit,-379657716069.8572,1.0454545454545454,-0.045454545454545414
294,22,10,2015,11.487,22.5,30.5,65,90,deficit,-152022806685.64166,1.0434782608695652,-0.04347826086956519
295,23,10,2015,16.847600000000003,24.0,31.5,54,89,deficit,-210625842338.46707,1.0416666666666667,-0.04166666666666674
296,24,10,2015,8.423800000000002,23.0,31.0,60,90,deficit,-96141269792.24277,1.04,-0.040000000000000036
297,25,10,2015,18.3792,23.5,31.5,57,89,deficit,-56630628861.94509,1.0384615384615385,-0.03846153846153855
298,26,10,2015,18.3792,24.0,31.5,65,92,deficit,-307271887500.00275,1.037037037037037,-0.03703703703703698
299,27,10,2015,9.1896,22.0,27.0,77,90,deficit,-602230544338.7762,1.0357142857142858,-0.03571428571428581
300,28,10,2015,12.2528,21.5,28.0,60,90,deficit,-95796653939.53175,1.0344827586206897,-0.034482758620689724
301,29,10,2015,14.5502,21.2,30.0,65,91,deficit,-5223073569.4550905,1.0333333333333334,-0.03333333333333344
302,30,10,2015,15.316,22.0,31.0,50,91,surplus,83989380322.02223,1.032258064516129,-0.032258064516129004
303,31,10,2015,15.316,21.5,31.0,59,91,deficit,-80311779758.73663,1.03125,-0.03125
304,1,11,2015,14.5502,21.0,31.0,60,90,surplus,890743839.008049,1.5,-0.5
305,2,11,2015,6.892200000000001,22.0,27.0,75,90,deficit,-3137680849.7413692,1.3333333333333333,-0.33333333333333326
306,3,11,2015,19.145,21.5,30.5,50,88,deficit,-15873937818.303398,1.25,-0.25
307,4,11,2015,15.316,21.0,31.5,45,85,deficit,-30149370572.920345,1.2,-0.19999999999999996
308,5,11,2015,16.0818,23.0,31.5,44,86,deficit,-35018372823.11464,1.1666666666666667,-0.16666666666666674
309,6,11,2015,16.847600000000003,24.0,32.0,41,89,deficit,-50825019500.39614,1.1428571428571428,-0.1428571428571428
310,7,11,2015,9.955400000000001,22.5,29.5,65,89,deficit,-78239890254.067,1.125,-0.125
311,8,11,2015,16.0818,22.5,31.5,51,89,deficit,-115311684187.08807,1.1111111111111112,-0.11111111111111116
312,9,11,2015,17.6134,22.0,32.0,55,86,deficit,-178137352615.93793,1.1,-0.10000000000000009
313,10,11,2015,18.3792,24.0,32.5,41,87,deficit,-188843495201.9704,1.0909090909090908,-0.09090909090909083
314,11,11,2015,17.6134,24.0,32.5,40,89,deficit,-291920900564.36975,1.0833333333333333,-0.08333333333333326
315,12,11,2015,16.847600000000003,23.5,33.0,39,89,deficit,-298237220951.65576,1.0769230769230769,-0.07692307692307687
316,13,11,2015,13.784400000000002,22.5,33.5,34,85,deficit,-273387287107.72882,1.0714285714285714,-0.0714285714285714
317,14,11,2015,17.6134,23.5,33.0,32,87,deficit,-327688253497.9395,1.0666666666666667,-0.06666666666666665
318,15,11,2015,19.145,23.0,33.0,40,81,deficit,-366052141463.6076,1.0625,-0.0625
319,16,11,2015,15.316,23.5,32.0,40,81,deficit,-385042697954.8867,1.0588235294117647,-0.05882352941176472
320,17,11,2015,13.018600000000001,23.0,32.0,36,87,deficit,-374341831077.9271,1.0555555555555556,-0.05555555555555558
321,18,11,2015,18.3792,23.0,32.5,40,83,deficit,-356588055452.29175,1.0526315789473684,-0.05263157894736836
322,19,11,2015,9.1896,22.0,32.5,28,89,deficit,-178811397482.46548,1.05,-0.050000000000000044
323,20,11,2015,14.5502,22.0,32.0,35,92,deficit,-43612522381.25194,1.0476190476190477,-0.04761904761904767
324,21,11,2015,13.784400000000002,23.0,32.0,35,89,deficit,-379657716069.8572,1.0454545454545454,-0.045454545454545414
325,22,11,2015,14.5502,24.0,32.0,35,88,deficit,-152022806685.64166,1.0434782608695652,-0.04347826086956519
326,23,11,2015,13.784400000000002,24.0,33.0,33,90,deficit,-210625842338.46707,1.0416666666666667,-0.04166666666666674
327,24,11,2015,16.0818,24.0,33.0,36,89,deficit,-96141269792.24277,1.04,-0.040000000000000036
328,25,11,2015,17.6134,24.0,33.5,37,90,deficit,-56630628861.94509,1.0384615384615385,-0.03846153846153855
329,26,11,2015,10.7212,24.0,33.0,34,89,deficit,-307271887500.00275,1.037037037037037,-0.03703703703703698
330,27,11,2015,13.018600000000001,24.5,34.5,35,91,deficit,-602230544338.7762,1.0357142857142858,-0.03571428571428581
331,28,11,2015,14.5502,24.0,33.5,35,91,deficit,-95796653939.53175,1.0344827586206897,-0.034482758620689724
332,29,11,2015,15.316,24.5,34.0,37,91,deficit,-5223073569.4550905,1.0333333333333334,-0.03333333333333344
333,30,11,2015,16.0818,24.0,34.0,37,92,surplus,83989380322.02223,1.032258064516129,-0.032258064516129004
334,1,12,2015,18.3792,23.0,32.5,37,92,surplus,890743839.008049,1.5,-0.5
335,2,12,2015,19.9108,23.5,32.5,28,75,deficit,-3137680849.7413692,1.3333333333333333,-0.33333333333333326
336,3,12,2015,15.9376153846154,22.0,30.5,30,65,deficit,-15873937818.303398,1.25,-0.25
337,4,12,2015,16.0818,21.0,30.0,29,58,deficit,-30149370572.920345,1.2,-0.19999999999999996
338,5,12,2015,18.3792,20.5,32.0,28,76,deficit,-35018372823.11464,1.1666666666666667,-0.16666666666666674
339,6,12,2015,17.6134,19.0,31.0,25,65,deficit,-50825019500.39614,1.1428571428571428,-0.1428571428571428
340,7,12,2015,18.3792,20.0,33.0,22,56,deficit,-78239890254.067,1.125,-0.125
341,8,12,2015,18.3792,20.5,33.0,20,67,deficit,-115311684187.08807,1.1111111111111112,-0.11111111111111116
342,9,12,2015,16.0818,18.0,32.5,22,84,deficit,-178137352615.93793,1.1,-0.10000000000000009
343,10,12,2015,16.847600000000003,17.5,33.5,19,80,deficit,-188843495201.9704,1.0909090909090908,-0.09090909090909083
344,11,12,2015,16.847600000000003,18.5,34.0,14,77,deficit,-291920900564.36975,1.0833333333333333,-0.08333333333333326
345,12,12,2015,18.3792,18.0,34.0,14,85,deficit,-298237220951.65576,1.0769230769230769,-0.07692307692307687
346,13,12,2015,19.910800000000002,17.0,33.2,15,85,deficit,-273387287107.72882,1.0714285714285714,-0.0714285714285714
347,14,12,2015,17.6134,17.0,33.0,18,75,deficit,-327688253497.9395,1.0666666666666667,-0.06666666666666665
348,15,12,2015,18.3792,16.0,33.0,11,42,deficit,-366052141463.6076,1.0625,-0.0625
349,16,12,2015,19.910800000000002,18.0,33.5,14,73,deficit,-385042697954.8867,1.0588235294117647,-0.05882352941176472
350,17,12,2015,17.6134,15.0,33.0,16,80,deficit,-374341831077.9271,1.0555555555555556,-0.05555555555555558
351,18,12,2015,19.145,15.0,32.5,16,65,deficit,-356588055452.29175,1.0526315789473684,-0.05263157894736836
352,19,12,2015,18.3792,15.0,33.0,22,80,deficit,-178811397482.46548,1.05,-0.050000000000000044
353,20,12,2015,17.6134,17.0,32.5,22,77,deficit,-43612522381.25194,1.0476190476190477,-0.04761904761904767
354,21,12,2015,17.6134,18.5,32.5,23,75,deficit,-379657716069.8572,1.0454545454545454,-0.045454545454545414
355,22,12,2015,16.0818,17.5,32.5,22,61,deficit,-152022806685.64166,1.0434782608695652,-0.04347826086956519
356,23,12,2015,20.676600000000004,17.5,33.0,21,76,deficit,-210625842338.46707,1.0416666666666667,-0.04166666666666674
357,24,12,2015,15.316,16.5,33.0,17,45,deficit,-96141269792.24277,1.04,-0.040000000000000036
358,25,12,2015,16.0818,20.0,33.5,23,41,deficit,-56630628861.94509,1.0384615384615385,-0.03846153846153855
359,26,12,2015,16.0818,19.5,31.0,29,49,deficit,-307271887500.00275,1.037037037037037,-0.03703703703703698
360,27,12,2015,17.6134,20.0,33.5,26,74,deficit,-602230544338.7762,1.0357142857142858,-0.03571428571428581
361,28,12,2015,18.3792,18.5,34.5,23,85,deficit,-95796653939.53175,1.0344827586206897,-0.034482758620689724
362,29,12,2015,19.145,22.0,35.5,15,79,deficit,-5223073569.4550905,1.0333333333333334,-0.03333333333333344
363,30,12,2015,16.847600000000003,16.0,34.0,16,95,surplus,83989380322.02223,1.032258064516129,-0.032258064516129004
364,31,12,2015,17.6134,16.0,34.0,15,95,deficit,-80311779758.73663,1.03125,-0.03125
