,Day,Month,Year,SolRadiation (MJ/m²/day),TempMin (°C),TempMax (°C),RelHumMin (%),RelHumMax (%),net radiation name,net radiation,surplus,deficit
0,1,1,2016,16.847600000000003,17.5,33.5,20,62,surplus,321336242.1689957,1.5,-0.5
1,2,1,2016,19.145,18.5,33.0,25,59,deficit,-2771479050.777569,1.3333333333333333,-0.33333333333333326
2,3,1,2016,17.6134,18.5,32.0,29,54,deficit,-4168638527.049156,1.25,-0.25
3,4,1,2016,18.3792,20.0,34.0,27,80,deficit,-9346680348.083586,1.2,-0.19999999999999996
4,5,1,2016,14.5502,19.0,33.2,27,91,deficit,-23691130376.836105,1.1666666666666667,-0.16666666666666674
5,6,1,2016,13.018600000000001,19.4,34.5,24,76,deficit,-45224668456.9346,1.1428571428571428,-0.1428571428571428
6,7,1,2016,14.5502,18.5,37.0,14,86,deficit,-15575904217.627642,1.125,-0.125
7,8,1,2016,14.5502,18.0,35.0,35,100,deficit,-25495864628.462883,1.1111111111111112,-0.11111111111111116
8,9,1,2016,16.0818,22.0,34.0,26,98,surplus,47650694469.54145,1.1,-0.10000000000000009
9,10,1,2016,12.2528,23.0,33.5,50,98,surplus,65104896037.87575,1.0909090909090908,-0.09090909090909083
10,11,1,2016,16.847600000000003,23.0,35.0,48,98,deficit,-53506448111.98053,1.0833333333333333,-0.08333333333333326
11,12,1,2016,18.3792,23.0,34.5,23,98,deficit,-23960228028.622036,1.0769230769230769,-0.07692307692307687
12,13,1,2016,15.316,21.5,33.5,37,97,deficit,-19498406016.70574,1.0714285714285714,-0.0714285714285714
13,14,1,2016,13.8546,22.0,32.0,41,96,deficit,-22337875471.95864,1.0666666666666667,-0.06666666666666665
14,15,1,2016,16.0818,23.0,34.0,34,96,deficit,-9926637202.179995,1.0625,-0.0625
15,16,1,2016,20.676600000000004,22.5,34.5,36,97,surplus,83555996604.88235,1.0588235294117647,-0.05882352941176472
16,17,1,2016,16.847600000000003,24.0,35.0,38,100,surplus,190081054160.43298,1.0555555555555556,-0.05555555555555558
17,18,1,2016,14.5502,25.0,34.5,44,100,surplus,258626329438.6713,1.0526315789473684,-0.05263157894736836
18,19,1,2016,10.7212,23.0,29.0,75,99,deficit,-324792224883.4204,1.05,-0.050000000000000044
19,20,1,2016,16.847600000000003,21.5,34.0,20,95,deficit,-350096618113.1532,1.0476190476190477,-0.04761904761904767
20,21,1,2016,19.145,22.0,35.0,16,100,deficit,-768619413435.2001,1.0454545454545454,-0.045454545454545414
21,22,1,2016,16.847600000000003,19.5,34.0,5,93,deficit,-406765377146.54254,1.0434782608695652,-0.04347826086956519
22,23,1,2016,16.847600000000003,20.0,34.0,25,97,deficit,-1374230606943.3186,1.0416666666666667,-0.04166666666666674
23,24,1,2016,17.6134,19.5,32.5,12,28,deficit,-1112040503357.018,1.04,-0.040000000000000036
24,25,1,2016,19.145,21.0,34.0,8,69,deficit,-1300437885387.4133,1.0384615384615385,-0.03846153846153855
25,26,1,2016,19.145,21.0,31.5,17,46,deficit,-1439214965443.3298,1.037037037037037,-0.03703703703703698
26,27,1,2016,18.3792,21.0,32.5,19,38,deficit,-1646045213686.9612,1.0357142857142858,-0.03571428571428581
27,28,1,2016,13.784400000000002,20.0,33.0,19,32,deficit,-1647633604369.895,1.0344827586206897,-0.034482758620689724
28,29,1,2016,16.0818,20.5,33.0,19,40,deficit,-1380741721740.814,1.0333333333333334,-0.03333333333333344
29,30,1,2016,16.0818,20.5,33.5,18,67,deficit,-1307844295930.6592,1.032258064516129,-0.032258064516129004
30,31,1,2016,14.5502,18.0,33.5,23,78,deficit,-1370846288703.1877,1.03125,-0.03125
31,1,2,2016,18.3792,17.0,34.5,19,93,surplus,321336242.1689957,1.5,-0.5
32,2,2,2016,14.5502,18.5,33.5,31,100,deficit,-2771479050.777569,1.3333333333333333,-0.33333333333333326
33,3,2,2016,18.3792,19.5,34.0,40,97,deficit,-4168638527.049156,1.25,-0.25
34,4,2,2016,16.0818,20.5,35.0,32,96,deficit,-9346680348.083586,1.2,-0.19999999999999996
35,5,2,2016,17.6134,22.0,37.0,8,95,deficit,-23691130376.836105,1.1666666666666667,-0.16666666666666674
36,6,2,2016,17.6134,22.0,37.0,18,99,deficit,-45224668456.9346,1.1428571428571428,-0.1428571428571428
37,7,2,2016,17.6134,20.5,35.0,25,95,deficit,-15575904217.627642,1.125,-0.125
38,8,2,2016,17.6134,22.0,35.0,22,98,deficit,-25495864628.462883,1.1111111111111112,-0.11111111111111116
39,9,2,2016,16.847600000000003,22.0,37.5,10,91,surplus,47650694469.54145,1.1,-0.10000000000000009
40,10,2,2016,18.3792,21.0,37.0,2,69,surplus,65104896037.87575,1.0909090909090908,-0.09090909090909083
41,11,2,2016,17.6134,23.0,36.5,8,97,deficit,-53506448111.98053,1.0833333333333333,-0.08333333333333326
42,12,2,2016,14.5502,17.0,34.0,28,96,deficit,-23960228028.622036,1.0769230769230769,-0.07692307692307687
43,13,2,2016,12.2528,20.0,36.0,24,98,deficit,-19498406016.70574,1.0714285714285714,-0.0714285714285714
44,14,2,2016,15.316,22.0,35.0,40,95,deficit,-22337875471.95864,1.0666666666666667,-0.06666666666666665
45,15,2,2016,18.3792,23.5,35.5,38,94,deficit,-9926637202.179995,1.0625,-0.0625
46,16,2,2016,16.847600000000003,24.0,35.5,46,96,surplus,83555996604.88235,1.0588235294117647,-0.05882352941176472
47,17,2,2016,19.145,24.0,37.5,20,94,surplus,190081054160.43298,1.0555555555555556,-0.05555555555555558
48,18,2,2016,18.3792,24.5,37.5,38,93,surplus,258626329438.6713,1.0526315789473684,-0.05263157894736836
49,19,2,2016,17.6134,25.0,35.2,38,93,deficit,-324792224883.4204,1.05,-0.050000000000000044
50,20,2,2016,15.316,25.0,36.5,36,97,deficit,-350096618113.1532,1.0476190476190477,-0.04761904761904767
51,21,2,2016,19.145,25.0,36.5,36,97,deficit,-768619413435.2001,1.0454545454545454,-0.045454545454545414
52,22,2,2016,16.0818,25.0,37.0,31,96,deficit,-406765377146.54254,1.0434782608695652,-0.04347826086956519
53,23,2,2016,17.6134,25.0,37.5,25,96,deficit,-1374230606943.3186,1.0416666666666667,-0.04166666666666674
54,24,2,2016,16.847600000000003,25.5,37.0,61,95,deficit,-1112040503357.018,1.04,-0.040000000000000036
55,25,2,2016,15.316,25.5,37.0,38,97,deficit,-1300437885387.4133,1.0384615384615385,-0.03846153846153855
56,26,2,2016,13.018600000000001,26.0,36.0,43,100,deficit,-1439214965443.3298,1.037037037037037,-0.03703703703703698
57,27,2,2016,14.5502,26.0,36.0,47,98,deficit,-1646045213686.9612,1.0357142857142858,-0.03571428571428581
58,28,2,2016,17.6134,25.5,36.0,62,100,deficit,-1647633604369.895,1.0344827586206897,-0.034482758620689724
59,29,2,2016,15.316,25.5,32.5,65,100,deficit,-1380741721740.814,1.0333333333333334,-0.03333333333333344
60,1,3,2016,13.018600000000001,25.0,29.5,62,100,surplus,321336242.1689957,1.5,-0.5
61,2,3,2016,17.6134,24.0,35.7,25,98,deficit,-2771479050.777569,1.3333333333333333,-0.33333333333333326
62,3,3,2016,18.3792,23.5,37.0,38,99,deficit,-4168638527.049156,1.25,-0.25
63,4,3,2016,13.784400000000002,26.0,36.0,40,100,deficit,-9346680348.083586,1.2,-0.19999999999999996
64,5,3,2016,14.8356,25.5,35.5,60,98,deficit,-23691130376.836105,1.1666666666666667,-0.16666666666666674
65,6,3,2016,13.784400000000002,25.0,32.5,56,96,deficit,-45224668456.9346,1.1428571428571428,-0.1428571428571428
66,7,3,2016,17.6134,23.5,36.5,48,100,deficit,-15575904217.627642,1.125,-0.125
67,8,3,2016,16.0818,22.5,32.5,53,97,deficit,-25495864628.462883,1.1111111111111112,-0.11111111111111116
68,9,3,2016,19.910800000000002,22.5,34.5,51,97,surplus,47650694469.54145,1.1,-0.10000000000000009
69,10,3,2016,22.2082,22.5,35.5,50,98,surplus,65104896037.87575,1.0909090909090908,-0.09090909090909083
70,11,3,2016,15.3162,26.5,34.5,54,99,deficit,-53506448111.98053,1.0833333333333333,-0.08333333333333326
71,12,3,2016,18.7146,25.5,34.5,54,100,deficit,-23960228028.622036,1.0769230769230769,-0.07692307692307687
72,13,3,2016,18.7398,23.5,31.0,67,100,deficit,-19498406016.70574,1.0714285714285714,-0.0714285714285714
73,14,3,2016,17.3178,22.0,32.0,60,99,deficit,-22337875471.95864,1.0666666666666667,-0.06666666666666665
74,15,3,2016,21.8952,22.0,32.0,35,100,deficit,-9926637202.179995,1.0625,-0.0625
75,16,3,2016,20.844,24.0,35.0,54,100,surplus,83555996604.88235,1.0588235294117647,-0.05882352941176472
76,17,3,2016,16.8678,23.0,34.0,65,100,surplus,190081054160.43298,1.0555555555555556,-0.05555555555555558
77,18,3,2016,14.5502,23.0,31.5,64,100,surplus,258626329438.6713,1.0526315789473684,-0.05263157894736836
78,19,3,2016,20.676600000000004,23.0,34.0,61,100,deficit,-324792224883.4204,1.05,-0.050000000000000044
79,20,3,2016,18.3792,25.0,34.0,60,99,deficit,-350096618113.1532,1.0476190476190477,-0.04761904761904767
80,21,3,2016,20.676600000000004,24.5,31.0,74,98,deficit,-768619413435.2001,1.0454545454545454,-0.045454545454545414
81,22,3,2016,16.847600000000003,24.0,33.0,66,98,deficit,-406765377146.54254,1.0434782608695652,-0.04347826086956519
82,23,3,2016,19.145,24.0,34.5,59,100,deficit,-1374230606943.3186,1.0416666666666667,-0.04166666666666674
83,24,3,2016,16.0818,22.5,33.0,64,100,deficit,-1112040503357.018,1.04,-0.040000000000000036
84,25,3,2016,18.3792,22.0,33.5,60,98,deficit,-1300437885387.4133,1.0384615384615385,-0.03846153846153855
85,26,3,2016,16.847600000000003,24.0,33.5,64,100,deficit,-1439214965443.3298,1.037037037037037,-0.03703703703703698
86,27,3,2016,20.676600000000004,25.0,34.5,63,98,deficit,-1646045213686.9612,1.0357142857142858,-0.03571428571428581
87,28,3,2016,20.676600000000004,26.0,35.0,67,98,deficit,-1647633604369.895,1.0344827586206897,-0.034482758620689724
88,29,3,2016,19.145,26.2,35.0,54,98,deficit,-1380741721740.814,1.0333333333333334,-0.03333333333333344
89,30,3,2016,19.145,26.0,34.0,64,98,deficit,-1307844295930.6592,1.032258064516129,-0.032258064516129004
90,31,3,2016,16.0818,26.0,34.0,65,99,deficit,-1370846288703.1877,1.03125,-0.03125
91,1,4,2016,13.784400000000002,25.0,34.0,63,100,surplus,321336242.1689957,1.5,-0.5
92,2,4,2016,18.3792,25.0,34.0,65,100,deficit,-2771479050.777569,1.3333333333333333,-0.33333333333333326
93,3,4,2016,19.910800000000002,25.0,35.0,56,98,deficit,-4168638527.049156,1.25,-0.25
94,4,4,2016,19.145,25.0,34.0,61,98,deficit,-9346680348.083586,1.2,-0.19999999999999996
95,5,4,2016,16.0818,25.3,34.0,60,95,deficit,-23691130376.836105,1.1666666666666667,-0.16666666666666674
96,6,4,2016,16.847600000000003,24.0,34.0,56,96,deficit,-45224668456.9346,1.1428571428571428,-0.1428571428571428
97,7,4,2016,15.316,23.5,33.5,58,100,deficit,-15575904217.627642,1.125,-0.125
98,8,4,2016,21.4424,24.5,35.0,52,98,deficit,-25495864628.462883,1.1111111111111112,-0.11111111111111116
99,9,4,2016,16.847600000000003,24.5,34.5,56,100,surplus,47650694469.54145,1.1,-0.10000000000000009
100,10,4,2016,22.974,21.0,35.0,45,100,surplus,65104896037.87575,1.0909090909090908,-0.09090909090909083
101,11,4,2016,22.2082,21.5,33.5,64,100,deficit,-53506448111.98053,1.0833333333333333,-0.08333333333333326
102,12,4,2016,16.847600000000003,22.5,21.5,70,99,deficit,-23960228028.622036,1.0769230769230769,-0.07692307692307687
103,13,4,2016,20.676600000000004,24.0,33.5,65,98,deficit,-19498406016.70574,1.0714285714285714,-0.0714285714285714
104,14,4,2016,19.910800000000002,23.5,33.0,60,100,deficit,-22337875471.95864,1.0666666666666667,-0.06666666666666665
105,15,4,2016,19.629,23.0,32.0,68,100,deficit,-9926637202.179995,1.0625,-0.0625
106,16,4,2016,19.1376,22.5,33.5,65,100,surplus,83555996604.88235,1.0588235294117647,-0.05882352941176472
107,17,4,2016,11.487,23.6,26.0,71,100,surplus,190081054160.43298,1.0555555555555556,-0.05555555555555558
108,18,4,2016,18.3792,25.0,31.5,66,100,surplus,258626329438.6713,1.0526315789473684,-0.05263157894736836
109,19,4,2016,19.145,26.0,34.0,59,98,deficit,-324792224883.4204,1.05,-0.050000000000000044
110,20,4,2016,17.6134,24.0,34.5,57,99,deficit,-350096618113.1532,1.0476190476190477,-0.04761904761904767
111,21,4,2016,19.145,25.5,35.0,50,98,deficit,-768619413435.2001,1.0454545454545454,-0.045454545454545414
112,22,4,2016,22.974,26.0,35.2,54,100,deficit,-406765377146.54254,1.0434782608695652,-0.04347826086956519
113,23,4,2016,19.145,25.2,34.5,59,100,deficit,-1374230606943.3186,1.0416666666666667,-0.04166666666666674
114,24,4,2016,16.0818,25.0,35.0,62,100,deficit,-1112040503357.018,1.04,-0.040000000000000036
115,25,4,2016,16.847600000000003,24.0,34.0,61,100,deficit,-1300437885387.4133,1.0384615384615385,-0.03846153846153855
116,26,4,2016,18.3792,23.5,32.5,68,100,deficit,-1439214965443.3298,1.037037037037037,-0.03703703703703698
117,27,4,2016,17.6134,25.5,34.0,83,100,deficit,-1646045213686.9612,1.0357142857142858,-0.03571428571428581
118,28,4,2016,17.6134,21.0,29.0,76,100,deficit,-1647633604369.895,1.0344827586206897,-0.034482758620689724
119,29,4,2016,18.3792,22.0,33.2,55,100,deficit,-1380741721740.814,1.0333333333333334,-0.03333333333333344
120,30,4,2016,15.316,21.5,33.5,66,100,deficit,-1307844295930.6592,1.032258064516129,-0.032258064516129004
121,1,5,2016,18.3792,25.5,34.0,62,100,surplus,321336242.1689957,1.5,-0.5
122,2,5,2016,16.847600000000003,26.0,33.5,67,100,deficit,-2771479050.777569,1.3333333333333333,-0.33333333333333326
123,3,5,2016,13.018600000000001,24.0,33.0,70,98,deficit,-4168638527.049156,1.25,-0.25
124,4,5,2016,14.5502,24.5,32.5,80,100,deficit,-9346680348.083586,1.2,-0.19999999999999996
125,5,5,2016,19.145,21.5,33.0,69,99,deficit,-23691130376.836105,1.1666666666666667,-0.16666666666666674
126,6,5,2016,14.2344,21.0,34.0,69,100,deficit,-45224668456.9346,1.1428571428571428,-0.1428571428571428
127,7,5,2016,15.2208,22.5,32.5,65,99,deficit,-15575904217.627642,1.125,-0.125
128,8,5,2016,17.2602,23.5,32.0,73,100,deficit,-25495864628.462883,1.1111111111111112,-0.11111111111111116
129,9,5,2016,17.874,23.5,33.0,65,100,surplus,47650694469.54145,1.1,-0.10000000000000009
130,10,5,2016,9.9018,23.5,30.0,63,100,surplus,65104896037.87575,1.0909090909090908,-0.09090909090909083
131,11,5,2016,18.4446,22.5,30.5,70,100,deficit,-53506448111.98053,1.0833333333333333,-0.08333333333333326
132,12,5,2016,10.0926,21.2,28.5,72,100,deficit,-23960228028.622036,1.0769230769230769,-0.07692307692307687
133,13,5,2016,20.1546,21.0,32.5,70,98,deficit,-19498406016.70574,1.0714285714285714,-0.0714285714285714
134,14,5,2016,15.4854,22.5,32.5,71,98,deficit,-22337875471.95864,1.0666666666666667,-0.06666666666666665
135,15,5,2016,8.9118,24.0,28.0,87,100,deficit,-9926637202.179995,1.0625,-0.0625
136,16,5,2016,17.0694,22.0,32.0,69,99,surplus,83555996604.88235,1.0588235294117647,-0.05882352941176472
137,17,5,2016,16.137,22.0,31.0,70,100,surplus,190081054160.43298,1.0555555555555556,-0.05555555555555558
138,18,5,2016,17.667,24.0,32.5,65,98,surplus,258626329438.6713,1.0526315789473684,-0.05263157894736836
139,19,5,2016,18.9072,23.5,33.0,64,98,deficit,-324792224883.4204,1.05,-0.050000000000000044
140,20,5,2016,17.1558,23.0,31.5,77,98,deficit,-350096618113.1532,1.0476190476190477,-0.04761904761904767
141,21,5,2016,12.2832,22.5,32.5,73,99,deficit,-768619413435.2001,1.0454545454545454,-0.045454545454545414
142,22,5,2016,16.4844,23.5,30.0,78,100,deficit,-406765377146.54254,1.0434782608695652,-0.04347826086956519
143,23,5,2016,14.0364,23.5,30.0,72,100,deficit,-1374230606943.3186,1.0416666666666667,-0.04166666666666674
144,24,5,2016,18.054,22.5,30.0,65,98,deficit,-1112040503357.018,1.04,-0.040000000000000036
145,25,5,2016,17.6418,22.5,32.0,68,100,deficit,-1300437885387.4133,1.0384615384615385,-0.03846153846153855
146,26,5,2016,13.8348,22.5,30.5,67,100,deficit,-1439214965443.3298,1.037037037037037,-0.03703703703703698
147,27,5,2016,14.373,22.0,32.0,73,100,deficit,-1646045213686.9612,1.0357142857142858,-0.03571428571428581
148,28,5,2016,14.7852,24.0,31.0,73,100,deficit,-1647633604369.895,1.0344827586206897,-0.034482758620689724
149,29,5,2016,16.0056,23.5,32.5,72,100,deficit,-1380741721740.814,1.0333333333333334,-0.03333333333333344
150,30,5,2016,15.516,21.0,30.0,68,100,deficit,-1307844295930.6592,1.032258064516129,-0.032258064516129004
151,31,5,2016,16.5222,24.0,32.0,62,100,deficit,-1370846288703.1877,1.03125,-0.03125
152,1,6,2016,17.1036,22.5,33.0,65,100,surplus,321336242.1689957,1.5,-0.5
153,2,6,2016,12.5568,22.0,30.0,76,98,deficit,-2771479050.777569,1.3333333333333333,-0.33333333333333326
154,3,6,2016,11.4318,22.0,30.5,70,98,deficit,-4168638527.049156,1.25,-0.25
155,4,6,2016,19.1394,23.0,31.5,65,98,deficit,-9346680348.083586,1.2,-0.19999999999999996
156,5,6,2016,11.1222,21.0,26.5,80,99,deficit,-23691130376.836105,1.1666666666666667,-0.16666666666666674
157,6,6,2016,14.9562,21.5,34.0,68,100,deficit,-45224668456.9346,1.1428571428571428,-0.1428571428571428
158,7,6,2016,5.0256,21.0,25.5,85,100,deficit,-15575904217.627642,1.125,-0.125
159,8,6,2016,19.53,21.5,31.0,50,100,deficit,-25495864628.462883,1.1111111111111112,-0.11111111111111116
160,9,6,2016,10.6938,21.0,31.0,68,100,surplus,47650694469.54145,1.1,-0.10000000000000009
161,10,6,2016,11.466,23.0,29.5,71,99,surplus,65104896037.87575,1.0909090909090908,-0.09090909090909083
162,11,6,2016,16.7454,23.0,31.5,54,99,deficit,-53506448111.98053,1.0833333333333333,-0.08333333333333326
163,12,6,2016,9.3258,21.5,28.0,70,100,deficit,-23960228028.622036,1.0769230769230769,-0.07692307692307687
164,13,6,2016,15.7176,20.5,30.0,60,99,deficit,-19498406016.70574,1.0714285714285714,-0.0714285714285714
165,14,6,2016,18.162,22.5,31.5,50,100,deficit,-22337875471.95864,1.0666666666666667,-0.06666666666666665
166,15,6,2016,16.7292,23.5,27.0,78,100,deficit,-9926637202.179995,1.0625,-0.0625
167,16,6,2016,15.3054,21.2,29.5,60,98,surplus,83555996604.88235,1.0588235294117647,-0.05882352941176472
168,17,6,2016,14.8356,20.5,30.0,52,98,surplus,190081054160.43298,1.0555555555555556,-0.05555555555555558
169,18,6,2016,15.6726,23.0,31.0,50,98,surplus,258626329438.6713,1.0526315789473684,-0.05263157894736836
170,19,6,2016,16.0578,23.0,30.0,51,98,deficit,-324792224883.4204,1.05,-0.050000000000000044
171,20,6,2016,10.9242,22.0,28.0,58,100,deficit,-350096618113.1532,1.0476190476190477,-0.04761904761904767
172,21,6,2016,10.0764,22.2,28.5,58,100,deficit,-768619413435.2001,1.0454545454545454,-0.045454545454545414
173,22,6,2016,13.4226,23.0,30.0,49,98,deficit,-406765377146.54254,1.0434782608695652,-0.04347826086956519
174,23,6,2016,14.526,22.5,30.0,50,100,deficit,-1374230606943.3186,1.0416666666666667,-0.04166666666666674
175,24,6,2016,8.6436,23.0,29.5,70,100,deficit,-1112040503357.018,1.04,-0.040000000000000036
176,25,6,2016,10.7226,22.5,29.1,62,99,deficit,-1300437885387.4133,1.0384615384615385,-0.03846153846153855
177,26,6,2016,10.7208,22.5,29.0,57,98,deficit,-1439214965443.3298,1.037037037037037,-0.03703703703703698
178,27,6,2016,9.387,22.5,29.0,60,100,deficit,-1646045213686.9612,1.0357142857142858,-0.03571428571428581
179,28,6,2016,11.583,22.0,29.0,64,100,deficit,-1647633604369.895,1.0344827586206897,-0.034482758620689724
180,29,6,2016,13.761,23.0,27.0,60,100,deficit,-1380741721740.814,1.0333333333333334,-0.03333333333333344
181,30,6,2016,9.837,23.0,29.0,48,100,deficit,-1307844295930.6592,1.032258064516129,-0.032258064516129004
182,1,7,2016,10.9134,22.0,22.5,60,100,surplus,321336242.1689957,1.5,-0.5
183,2,7,2016,10.6902,22.5,29.0,60,98,deficit,-2771479050.777569,1.3333333333333333,-0.33333333333333326
184,3,7,2016,7.6284,23.5,29.0,68,100,deficit,-4168638527.049156,1.25,-0.25
185,4,7,2016,14.2164,22.5,30.0,58,100,deficit,-9346680348.083586,1.2,-0.19999999999999996
186,5,7,2016,12.231,23.0,29.0,60,100,deficit,-23691130376.836105,1.1666666666666667,-0.16666666666666674
187,6,7,2016,12.852,23.0,31.0,51,100,deficit,-45224668456.9346,1.1428571428571428,-0.1428571428571428
188,7,7,2016,11.2626,23.0,30.0,52,100,deficit,-15575904217.627642,1.125,-0.125
189,8,7,2016,9.8046,23.0,30.0,57,100,deficit,-25495864628.462883,1.1111111111111112,-0.11111111111111116
190,9,7,2016,11.1114,23.5,30.0,56,100,surplus,47650694469.54145,1.1,-0.10000000000000009
191,10,7,2016,7.8426,23.0,27.0,71,100,surplus,65104896037.87575,1.0909090909090908,-0.09090909090909083
192,11,7,2016,10.7316,23.0,29.0,60,100,deficit,-53506448111.98053,1.0833333333333333,-0.08333333333333326
193,12,7,2016,17.3826,23.0,30.0,48,100,deficit,-23960228028.622036,1.0769230769230769,-0.07692307692307687
194,13,7,2016,11.6352,22.0,28.0,63,100,deficit,-19498406016.70574,1.0714285714285714,-0.0714285714285714
195,14,7,2016,9.207,22.0,27.0,72,100,deficit,-22337875471.95864,1.0666666666666667,-0.06666666666666665
196,15,7,2016,12.0996,22.0,30.0,60,100,deficit,-9926637202.179995,1.0625,-0.0625
197,16,7,2016,9.783,22.0,30.0,62,100,surplus,83555996604.88235,1.0588235294117647,-0.05882352941176472
198,17,7,2016,8.5014,22.0,27.0,78,100,surplus,190081054160.43298,1.0555555555555556,-0.05555555555555558
199,18,7,2016,10.3266,23.0,28.0,66,100,surplus,258626329438.6713,1.0526315789473684,-0.05263157894736836
200,19,7,2016,13.4802,23.0,28.0,66,100,deficit,-324792224883.4204,1.05,-0.050000000000000044
201,20,7,2016,9.3726,22.0,29.0,66,100,deficit,-350096618113.1532,1.0476190476190477,-0.04761904761904767
202,21,7,2016,10.548,23.0,28.0,66,100,deficit,-768619413435.2001,1.0454545454545454,-0.045454545454545414
203,22,7,2016,11.2158,23.0,28.5,64,99,deficit,-406765377146.54254,1.0434782608695652,-0.04347826086956519
204,23,7,2016,12.4362,22.0,26.0,61,100,deficit,-1374230606943.3186,1.0416666666666667,-0.04166666666666674
205,24,7,2016,9.8838,22.2,27.5,66,100,deficit,-1112040503357.018,1.04,-0.040000000000000036
206,25,7,2016,12.1878,21.5,29.5,54,100,deficit,-1300437885387.4133,1.0384615384615385,-0.03846153846153855
207,26,7,2016,7.4106,22.0,27.0,78,98,deficit,-1439214965443.3298,1.037037037037037,-0.03703703703703698
208,27,7,2016,12.3336,22.0,30.0,56,98,deficit,-1646045213686.9612,1.0357142857142858,-0.03571428571428581
209,28,7,2016,12.4128,21.0,28.0,56,100,deficit,-1647633604369.895,1.0344827586206897,-0.034482758620689724
210,29,7,2016,13.3722,22.0,30.0,52,98,deficit,-1380741721740.814,1.0333333333333334,-0.03333333333333344
211,30,7,2016,12.3354,22.5,30.0,53,100,deficit,-1307844295930.6592,1.032258064516129,-0.032258064516129004
212,31,7,2016,10.8774,23.2,29.0,63,100,deficit,-1370846288703.1877,1.03125,-0.03125
213,1,8,2016,10.9224,23.0,28.0,69,100,surplus,321336242.1689957,1.5,-0.5
214,2,8,2016,9.495,23.0,27.5,76,98,deficit,-2771479050.777569,1.3333333333333333,-0.33333333333333326
215,3,8,2016,9.1422,22.5,27.0,68,98,deficit,-4168638527.049156,1.25,-0.25
216,4,8,2016,14.2434,21.5,29.0,50,100,deficit,-9346680348.083586,1.2,-0.19999999999999996
217,5,8,2016,13.8258,21.0,29.5,57,100,deficit,-23691130376.836105,1.1666666666666667,-0.16666666666666674
218,6,8,2016,10.0152,22.0,27.0,80,100,deficit,-45224668456.9346,1.1428571428571428,-0.1428571428571428
219,7,8,2016,10.4346,22.0,28.0,66,100,deficit,-15575904217.627642,1.125,-0.125
220,8,8,2016,9.0468,23.0,27.5,64,98,deficit,-25495864628.462883,1.1111111111111112,-0.11111111111111116
221,9,8,2016,11.8476,23.0,28.0,62,98,surplus,47650694469.54145,1.1,-0.10000000000000009
222,10,8,2016,9.54,23.0,27.5,70,98,surplus,65104896037.87575,1.0909090909090908,-0.09090909090909083
223,11,8,2016,10.2978,22.1,28.0,62,98,deficit,-53506448111.98053,1.0833333333333333,-0.08333333333333326
224,12,8,2016,8.2584,22.2,28.5,60,96,deficit,-23960228028.622036,1.0769230769230769,-0.07692307692307687
225,13,8,2016,12.5676,22.5,29.5,58,98,deficit,-19498406016.70574,1.0714285714285714,-0.0714285714285714
226,14,8,2016,9.63,23.0,29.0,62,98,deficit,-22337875471.95864,1.0666666666666667,-0.06666666666666665
227,15,8,2016,11.1186,23.0,30.0,52,100,deficit,-9926637202.179995,1.0625,-0.0625
228,16,8,2016,7.0092,22.5,27.0,72,100,surplus,83555996604.88235,1.0588235294117647,-0.05882352941176472
229,17,8,2016,8.6994,22.0,26.5,71,98,surplus,190081054160.43298,1.0555555555555556,-0.05555555555555558
230,18,8,2016,14.1372,22.0,29.5,54,98,surplus,258626329438.6713,1.0526315789473684,-0.05263157894736836
231,19,8,2016,11.457,22.0,28.5,65,99,deficit,-324792224883.4204,1.05,-0.050000000000000044
232,20,8,2016,15.5106,21.5,30.5,52,96,deficit,-350096618113.1532,1.0476190476190477,-0.04761904761904767
233,21,8,2016,6.8958,24.0,27.5,67,95,deficit,-768619413435.2001,1.0454545454545454,-0.045454545454545414
234,22,8,2016,14.229,22.5,30.0,52,96,deficit,-406765377146.54254,1.0434782608695652,-0.04347826086956519
235,23,8,2016,11.5398,22.0,29.0,60,98,deficit,-1374230606943.3186,1.0416666666666667,-0.04166666666666674
236,24,8,2016,10.8306,22.0,30.1,53,100,deficit,-1112040503357.018,1.04,-0.040000000000000036
237,25,8,2016,10.413,22.5,29.5,59,100,deficit,-1300437885387.4133,1.0384615384615385,-0.03846153846153855
238,26,8,2016,7.3386,22.0,27.5,70,98,deficit,-1439214965443.3298,1.037037037037037,-0.03703703703703698
239,27,8,2016,11.2572,22.5,27.5,80,100,deficit,-1646045213686.9612,1.0357142857142858,-0.03571428571428581
240,28,8,2016,14.9572,22.0,25.0,92,98,deficit,-1647633604369.895,1.0344827586206897,-0.034482758620689724
241,29,8,2016,15.9804,22.0,30.5,50,100,deficit,-1380741721740.814,1.0333333333333334,-0.03333333333333344
242,30,8,2016,10.9152,21.0,27.0,61,99,deficit,-1307844295930.6592,1.032258064516129,-0.032258064516129004
243,31,8,2016,10.8054,22.0,29.0,59,98,deficit,-1370846288703.1877,1.03125,-0.03125
244,1,9,2016,12.123,22.0,30.0,62,100,surplus,321336242.1689957,1.5,-0.5
245,2,9,2016,15.1614,22.1,30.5,62,100,deficit,-2771479050.777569,1.3333333333333333,-0.33333333333333326
246,3,9,2016,15.966,22.0,30.5,52,96,deficit,-4168638527.049156,1.25,-0.25
247,4,9,2016,12.159,23.0,30.0,56,100,deficit,-9346680348.083586,1.2,-0.19999999999999996
248,5,9,2016,8.3052,22.5,28.0,66,100,deficit,-23691130376.836105,1.1666666666666667,-0.16666666666666674
249,6,9,2016,8.0856,22.0,28.0,77,99,deficit,-45224668456.9346,1.1428571428571428,-0.1428571428571428
250,7,9,2016,15.183,23.0,30.5,52,98,deficit,-15575904217.627642,1.125,-0.125
251,8,9,2016,15.9354,22.0,30.1,56,100,deficit,-25495864628.462883,1.1111111111111112,-0.11111111111111116
252,9,9,2016,12.6144,23.0,29.8,60,100,surplus,47650694469.54145,1.1,-0.10000000000000009
253,10,9,2016,12.987,23.1,27.0,80,100,surplus,65104896037.87575,1.0909090909090908,-0.09090909090909083
254,11,9,2016,13.068,21.0,28.5,66,98,deficit,-53506448111.98053,1.0833333333333333,-0.08333333333333326
255,12,9,2016,10.1754,21.2,28.5,65,98,deficit,-23960228028.622036,1.0769230769230769,-0.07692307692307687
256,13,9,2016,13.986,22.0,29.0,56,98,deficit,-19498406016.70574,1.0714285714285714,-0.0714285714285714
257,14,9,2016,8.757,23.0,29.5,70,98,deficit,-22337875471.95864,1.0666666666666667,-0.06666666666666665
258,15,9,2016,10.4868,22.5,28.5,62,99,deficit,-9926637202.179995,1.0625,-0.0625
259,16,9,2016,14.4576,22.5,30.0,58,98,surplus,83555996604.88235,1.0588235294117647,-0.05882352941176472
260,17,9,2016,18.9378,21.0,30.0,52,95,surplus,190081054160.43298,1.0555555555555556,-0.05555555555555558
261,18,9,2016,15.3126,22.0,30.0,50,98,surplus,258626329438.6713,1.0526315789473684,-0.05263157894736836
262,19,9,2016,14.4,23.0,30.1,52,99,deficit,-324792224883.4204,1.05,-0.050000000000000044
263,20,9,2016,10.422,22.5,27.5,72,100,deficit,-350096618113.1532,1.0476190476190477,-0.04761904761904767
264,21,9,2016,15.0336,22.5,30.0,52,100,deficit,-768619413435.2001,1.0454545454545454,-0.045454545454545414
265,22,9,2016,9.1926,22.0,29.0,68,96,deficit,-406765377146.54254,1.0434782608695652,-0.04347826086956519
266,23,9,2016,11.1996,23.0,29.5,62,98,deficit,-1374230606943.3186,1.0416666666666667,-0.04166666666666674
267,24,9,2016,13.9824,23.0,30.0,52,98,deficit,-1112040503357.018,1.04,-0.040000000000000036
268,25,9,2016,14.499,22.0,28.5,76,98,deficit,-1300437885387.4133,1.0384615384615385,-0.03846153846153855
269,26,9,2016,17.3304,23.0,29.0,69,100,deficit,-1439214965443.3298,1.037037037037037,-0.03703703703703698
270,27,9,2016,20.7036,22.0,31.0,50,100,deficit,-1646045213686.9612,1.0357142857142858,-0.03571428571428581
271,28,9,2016,16.776,22.5,31.0,55,98,deficit,-1647633604369.895,1.0344827586206897,-0.034482758620689724
272,29,9,2016,16.389,22.2,31.0,50,98,deficit,-1380741721740.814,1.0333333333333334,-0.03333333333333344
273,30,9,2016,14.9832,22.5,30.5,65,98,deficit,-1307844295930.6592,1.032258064516129,-0.032258064516129004
274,1,10,2016,14.3712,21.5,29.5,60,100,surplus,321336242.1689957,1.5,-0.5
275,2,10,2016,10.4076,23.0,29.0,66,100,deficit,-2771479050.777569,1.3333333333333333,-0.33333333333333326
276,3,10,2016,17.8902,22.5,31.0,60,98,deficit,-4168638527.049156,1.25,-0.25
277,4,10,2016,15.7788,22.0,31.0,54,98,deficit,-9346680348.083586,1.2,-0.19999999999999996
278,5,10,2016,15.705,22.0,29.0,58,98,deficit,-23691130376.836105,1.1666666666666667,-0.16666666666666674
279,6,10,2016,15.6078,22.0,29.0,58,100,deficit,-45224668456.9346,1.1428571428571428,-0.1428571428571428
280,7,10,2016,13.8582,23.0,29.0,58,100,deficit,-15575904217.627642,1.125,-0.125
281,8,10,2016,13.6962,22.0,31.2,66,100,deficit,-25495864628.462883,1.1111111111111112,-0.11111111111111116
282,9,10,2016,14.0418,22.5,31.0,64,100,surplus,47650694469.54145,1.1,-0.10000000000000009
283,10,10,2016,16.3908,22.0,30.0,56,98,surplus,65104896037.87575,1.0909090909090908,-0.09090909090909083
284,11,10,2016,6.543,23.0,32.0,70,100,deficit,-53506448111.98053,1.0833333333333333,-0.08333333333333326
285,12,10,2016,16.0488,21.0,28.5,56,98,deficit,-23960228028.622036,1.0769230769230769,-0.07692307692307687
286,13,10,2016,16.5582,21.5,29.5,57,100,deficit,-19498406016.70574,1.0714285714285714,-0.0714285714285714
287,14,10,2016,12.2328,20.5,31.3,68,90,deficit,-22337875471.95864,1.0666666666666667,-0.06666666666666665
288,15,10,2016,15.327,20.4,32.4,60,100,deficit,-9926637202.179995,1.0625,-0.0625
289,16,10,2016,23.8662,20.3,34.6,45,100,surplus,83555996604.88235,1.0588235294117647,-0.05882352941176472
290,17,10,2016,15.0462,20.5,32.4,58,100,surplus,190081054160.43298,1.0555555555555556,-0.05555555555555558
291,18,10,2016,16.5132,23.0,28.1,74,74,surplus,258626329438.6713,1.0526315789473684,-0.05263157894736836
292,19,10,2016,17.8632,21.4,31.6,70,78,deficit,-324792224883.4204,1.05,-0.050000000000000044
293,20,10,2016,17.6526,23.3,33.1,68,77,deficit,-350096618113.1532,1.0476190476190477,-0.04761904761904767
294,21,10,2016,14.7456,21.9,32.4,69,78,deficit,-768619413435.2001,1.0454545454545454,-0.045454545454545414
295,22,10,2016,16.9128,21.7,31.2,69,79,deficit,-406765377146.54254,1.0434782608695652,-0.04347826086956519
296,23,10,2016,20.1222,21.4,31.6,65,78,deficit,-1374230606943.3186,1.0416666666666667,-0.04166666666666674
297,24,10,2016,20.4984,21.7,32.2,66,78,deficit,-1112040503357.018,1.04,-0.040000000000000036
298,25,10,2016,21.1428,24.4,33.4,67,79,deficit,-1300437885387.4133,1.0384615384615385,-0.03846153846153855
299,26,10,2016,20.1744,24.8,33.3,66,78,deficit,-1439214965443.3298,1.037037037037037,-0.03703703703703698
300,27,10,2016,18.1674,24.2,29.8,55,78,deficit,-1646045213686.9612,1.0357142857142858,-0.03571428571428581
301,28,10,2016,17.991,24.2,30.1,50,80,deficit,-1647633604369.895,1.0344827586206897,-0.034482758620689724
302,29,10,2016,17.5104,23.1,31.3,53,78,deficit,-1380741721740.814,1.0333333333333334,-0.03333333333333344
303,30,10,2016,19.206,21.8,32.1,66,75,deficit,-1307844295930.6592,1.032258064516129,-0.032258064516129004
304,31,10,2016,14.8086,21.6,31.1,68,75,deficit,-1370846288703.1877,1.03125,-0.03125
305,1,11,2016,15.1812,21.1,30.1,48,98,surplus,321336242.1689957,1.5,-0.5
306,2,11,2016,15.399,25.1,31.0,49,97,deficit,-2771479050.777569,1.3333333333333333,-0.33333333333333326
307,3,11,2016,18.9702,22.0,32.5,32,95,deficit,-4168638527.049156,1.25,-0.25
308,4,11,2016,19.6812,22.0,32.5,43,100,deficit,-9346680348.083586,1.2,-0.19999999999999996
309,5,11,2016,17.8506,22.1,31.0,38,98,deficit,-23691130376.836105,1.1666666666666667,-0.16666666666666674
310,6,11,2016,18.4986,22.5,31.5,41,100,deficit,-45224668456.9346,1.1428571428571428,-0.1428571428571428
311,7,11,2016,15.7176,22.0,31.5,40,100,deficit,-15575904217.627642,1.125,-0.125
312,8,11,2016,15.2406,23.5,31.5,40,100,deficit,-25495864628.462883,1.1111111111111112,-0.11111111111111116
313,9,11,2016,19.2528,23.0,33.2,30,100,surplus,47650694469.54145,1.1,-0.10000000000000009
314,10,11,2016,20.9628,22.1,33.0,22,100,surplus,65104896037.87575,1.0909090909090908,-0.09090909090909083
315,11,11,2016,18.9954,23.2,32.5,20,100,deficit,-53506448111.98053,1.0833333333333333,-0.08333333333333326
316,12,11,2016,19.0026,22.5,31.5,33,100,deficit,-23960228028.622036,1.0769230769230769,-0.07692307692307687
317,13,11,2016,18.4284,23.0,32.5,33,98,deficit,-19498406016.70574,1.0714285714285714,-0.0714285714285714
318,14,11,2016,18.2394,22.5,32.0,27,97,deficit,-22337875471.95864,1.0666666666666667,-0.06666666666666665
319,15,11,2016,16.668,22.0,32.0,28,97,deficit,-9926637202.179995,1.0625,-0.0625
320,16,11,2016,17.9748,24.0,32.5,39,96,surplus,83555996604.88235,1.0588235294117647,-0.05882352941176472
321,17,11,2016,16.4592,24.0,33.5,20,96,surplus,190081054160.43298,1.0555555555555556,-0.05555555555555558
322,18,11,2016,14.8986,24.0,33.0,63,98,surplus,258626329438.6713,1.0526315789473684,-0.05263157894736836
323,19,11,2016,16.38,24.0,32.5,40,98,deficit,-324792224883.4204,1.05,-0.050000000000000044
324,20,11,2016,17.6526,24.0,33.5,40,100,deficit,-350096618113.1532,1.0476190476190477,-0.04761904761904767
325,21,11,2016,17.1198,24.0,33.0,38,97,deficit,-768619413435.2001,1.0454545454545454,-0.045454545454545414
326,22,11,2016,17.3214,24.5,34.0,39,98,deficit,-406765377146.54254,1.0434782608695652,-0.04347826086956519
327,23,11,2016,14.7258,24.6,33.0,36,100,deficit,-1374230606943.3186,1.0416666666666667,-0.04166666666666674
328,24,11,2016,16.6932,24.0,33.5,36,100,deficit,-1112040503357.018,1.04,-0.040000000000000036
329,25,11,2016,17.9064,24.0,35.0,30,100,deficit,-1300437885387.4133,1.0384615384615385,-0.03846153846153855
330,26,11,2016,14.7474,24.0,33.5,31,97,deficit,-1439214965443.3298,1.037037037037037,-0.03703703703703698
331,27,11,2016,14.2848,24.0,33.2,41,98,deficit,-1646045213686.9612,1.0357142857142858,-0.03571428571428581
332,28,11,2016,15.1974,24.5,34.0,32,97,deficit,-1647633604369.895,1.0344827586206897,-0.034482758620689724
333,29,11,2016,11.4354,24.0,32.0,48,98,deficit,-1380741721740.814,1.0333333333333334,-0.03333333333333344
334,30,11,2016,14.0958,24.5,33.5,37,98,deficit,-1307844295930.6592,1.032258064516129,-0.032258064516129004
335,1,12,2016,14.0364,24.5,34.0,29,98,surplus,321336242.1689957,1.5,-0.5
336,2,12,2016,18.4122,25.0,34.2,26,99,deficit,-2771479050.777569,1.3333333333333333,-0.33333333333333326
337,3,12,2016,18.0378,25.0,33.5,20,100,deficit,-4168638527.049156,1.25,-0.25
338,4,12,2016,16.4538,24.0,33.5,20,98,deficit,-9346680348.083586,1.2,-0.19999999999999996
339,5,12,2016,11.0214,23.5,30.5,32,97,deficit,-23691130376.836105,1.1666666666666667,-0.16666666666666674
340,6,12,2016,16.4232,22.5,34.0,10,96,deficit,-45224668456.9346,1.1428571428571428,-0.1428571428571428
341,7,12,2016,14.6142,23.0,33.5,21,96,deficit,-15575904217.627642,1.125,-0.125
342,8,12,2016,15.1686,23.5,33.0,29,96,deficit,-25495864628.462883,1.1111111111111112,-0.11111111111111116
343,9,12,2016,15.6456,24.5,34.0,27,94,surplus,47650694469.54145,1.1,-0.10000000000000009
344,10,12,2016,16.2018,23.1,34.0,48,100,surplus,65104896037.87575,1.0909090909090908,-0.09090909090909083
345,11,12,2016,14.6772,22.5,33.5,47,97,deficit,-53506448111.98053,1.0833333333333333,-0.08333333333333326
346,12,12,2016,14.6502,22.0,33.5,35,96,deficit,-23960228028.622036,1.0769230769230769,-0.07692307692307687
347,13,12,2016,14.8644,24.0,33.0,20,98,deficit,-19498406016.70574,1.0714285714285714,-0.0714285714285714
348,14,12,2016,15.1596,25.0,33.0,22,96,deficit,-22337875471.95864,1.0666666666666667,-0.06666666666666665
349,15,12,2016,12.1716,24.0,32.0,32,96,deficit,-9926637202.179995,1.0625,-0.0625
350,16,12,2016,10.9368,24.0,32.5,29,94,surplus,83555996604.88235,1.0588235294117647,-0.05882352941176472
351,17,12,2016,15.4116,23.5,33.0,21,92,surplus,190081054160.43298,1.0555555555555556,-0.05555555555555558
352,18,12,2016,14.1858,24.1,33.5,19,96,surplus,258626329438.6713,1.0526315789473684,-0.05263157894736836
353,19,12,2016,14.4702,25.0,34.0,23,98,deficit,-324792224883.4204,1.05,-0.050000000000000044
354,20,12,2016,17.568,25.0,35.0,14,94,deficit,-350096618113.1532,1.0476190476190477,-0.04761904761904767
355,21,12,2016,17.3016,23.0,34.5,13,92,deficit,-768619413435.2001,1.0454545454545454,-0.045454545454545414
356,22,12,2016,15.759,21.0,34.5,32,97,deficit,-406765377146.54254,1.0434782608695652,-0.04347826086956519
357,23,12,2016,16.5996,21.0,35.1,19,97,deficit,-1374230606943.3186,1.0416666666666667,-0.04166666666666674
358,24,12,2016,14.499,21.0,33.0,34,93,deficit,-1112040503357.018,1.04,-0.040000000000000036
359,25,12,2016,16.6248,23.0,34.0,19,99,deficit,-1300437885387.4133,1.0384615384615385,-0.03846153846153855
360,26,12,2016,14.4666,19.0,31.0,19,75,deficit,-1439214965443.3298,1.037037037037037,-0.03703703703703698
361,27,12,2016,12.429,18.0,31.0,24,67,deficit,-1646045213686.9612,1.0357142857142858,-0.03571428571428581
362,28,12,2016,15.3846,18.0,32.0,19,70,deficit,-1647633604369.895,1.0344827586206897,-0.034482758620689724
363,29,12,2016,15.0714,19.0,32.5,19,71,deficit,-1380741721740.814,1.0333333333333334,-0.03333333333333344
364,30,12,2016,15.2712,18.0,33.0,16,82,deficit,-1307844295930.6592,1.032258064516129,-0.032258064516129004
365,31,12,2016,16.5546,18.5,34.0,16,84,deficit,-1370846288703.1877,1.03125,-0.03125
