,Day,Month,Year,SolRadiation (MJ/m²/day),TempMin (°C),TempMax (°C),RelHumMin (%),RelHumMax (%),net radiation name,net radiation,surplus,deficit
0,1,1,2017,16.083,18.5,33.0,19.0,93.2,surplus,727333804.6284714,1.5,-0.5
1,2,1,2017,16.038,19.0,34.0,19.0,93.3,deficit,-1691326430.5690708,1.3333333333333333,-0.33333333333333326
2,3,1,2017,16.9002,18.0,34.0,19.0,91.4,deficit,-7509247154.148323,1.25,-0.25
3,4,1,2017,16.7346,18.0,34.0,19.0,86.9,deficit,-17204920115.923622,1.2,-0.19999999999999996
4,5,1,2017,14.8104,17.0,33.5,19.0,89.0,deficit,-23964328085.23088,1.1666666666666667,-0.16666666666666674
5,6,1,2017,15.6186,19.0,34.5,17.3,93.9,deficit,-54144039565.95765,1.1428571428571428,-0.1428571428571428
6,7,1,2017,13.3002,20.0,33.5,10.0,79.0,deficit,-29866683365.810707,1.125,-0.125
7,8,1,2017,14.49,22.0,29.0,26.0,98.0,deficit,-89190629704.27559,1.1111111111111112,-0.11111111111111116
8,9,1,2017,16.1064,18.0,35.0,11.2,97.0,deficit,-145424065681.43893,1.1,-0.10000000000000009
9,10,1,2017,17.055,18.0,34.0,5.0,90.0,deficit,-110866806990.8919,1.0909090909090908,-0.09090909090909083
10,11,1,2017,13.2084,20.0,35.0,15.0,96.0,deficit,-16712390167.493307,1.0833333333333333,-0.08333333333333326
11,12,1,2017,13.1292,23.0,33.5,36.0,91.0,surplus,8288069461.076823,1.0769230769230769,-0.07692307692307687
12,13,1,2017,11.0214,24.0,33.5,39.0,90.0,deficit,-46705955924.24152,1.0714285714285714,-0.0714285714285714
13,14,1,2017,13.8546,21.5,33.0,38.0,92.0,deficit,-401954177076.23096,1.0666666666666667,-0.06666666666666665
14,15,1,2017,12.2778,20.0,33.0,5.0,70.0,deficit,-355365457165.3619,1.0625,-0.0625
15,16,1,2017,15.0696,20.0,34.0,10.0,86.0,deficit,-208890523621.3085,1.0588235294117647,-0.05882352941176472
16,17,1,2017,14.4828,19.0,33.5,31.0,90.0,deficit,-72844509408.73053,1.0555555555555556,-0.05555555555555558
17,18,1,2017,15.786,23.0,35.0,32.0,91.0,deficit,-251891227655.34973,1.0526315789473684,-0.05263157894736836
18,19,1,2017,13.1598,23.0,26.0,34.0,89.0,surplus,42387613715.37457,1.05,-0.050000000000000044
19,20,1,2017,10.4022,25.0,33.0,42.0,87.0,surplus,282849982602.3899,1.0476190476190477,-0.04761904761904767
20,21,1,2017,13.576114285714286,25.0,33.0,56.0,90.0,surplus,265264274072.51212,1.0454545454545454,-0.045454545454545414
21,22,1,2017,12.8628,25.0,34.0,48.0,94.0,deficit,-291584886601.0101,1.0434782608695652,-0.04347826086956519
22,23,1,2017,15.9408,22.0,36.0,26.0,90.0,deficit,-292336397098.2086,1.0416666666666667,-0.04166666666666674
23,24,1,2017,14.9112,22.0,34.5,30.0,89.0,deficit,-615825567482.2935,1.04,-0.040000000000000036
24,25,1,2017,16.407,22.5,34.0,16.0,90.0,deficit,-695394894748.0493,1.0384615384615385,-0.03846153846153855
25,26,1,2017,16.2846,22.0,35.0,16.0,89.0,deficit,-255430103223.7621,1.037037037037037,-0.03703703703703698
26,27,1,2017,14.4522,23.0,34.0,28.0,98.0,deficit,-662300336765.0714,1.0357142857142858,-0.03571428571428581
27,28,1,2017,16.0848,23.5,34.5,17.0,90.0,deficit,-437704031055.58203,1.0344827586206897,-0.034482758620689724
28,29,1,2017,15.219,23.5,35.0,26.0,88.0,deficit,-83326695883.75284,1.0333333333333334,-0.03333333333333344
29,30,1,2017,13.878,25.0,35.0,35.0,84.0,surplus,211119551018.9378,1.032258064516129,-0.032258064516129004
30,31,1,2017,12.2562,24.0,32.0,51.0,89.0,surplus,191208984839.62888,1.03125,-0.03125
31,1,2,2017,11.5272,23.0,33.5,49.0,89.0,surplus,727333804.6284714,1.5,-0.5
32,2,2,2017,16.218,23.0,34.5,37.0,87.0,deficit,-1691326430.5690708,1.3333333333333333,-0.33333333333333326
33,3,2,2017,12.2418,23.0,34.5,38.0,90.0,deficit,-7509247154.148323,1.25,-0.25
34,4,2,2017,13.7196,23.0,34.0,34.0,89.0,deficit,-17204920115.923622,1.2,-0.19999999999999996
35,5,2,2017,14.9958,25.0,34.5,27.0,98.0,deficit,-23964328085.23088,1.1666666666666667,-0.16666666666666674
36,6,2,2017,14.9904,24.0,35.0,18.0,88.0,deficit,-54144039565.95765,1.1428571428571428,-0.1428571428571428
37,7,2,2017,14.1894,24.0,35.0,9.0,90.0,deficit,-29866683365.810707,1.125,-0.125
38,8,2,2017,11.772,24.0,34.0,41.0,90.0,deficit,-89190629704.27559,1.1111111111111112,-0.11111111111111116
39,9,2,2017,10.8522,23.5,35.0,38.0,90.0,deficit,-145424065681.43893,1.1,-0.10000000000000009
40,10,2,2017,13.8006,24.0,35.0,30.0,88.0,deficit,-110866806990.8919,1.0909090909090908,-0.09090909090909083
41,11,2,2017,13.4334,24.0,34.5,34.0,88.0,deficit,-16712390167.493307,1.0833333333333333,-0.08333333333333326
42,12,2,2017,10.134,24.0,34.5,42.0,96.0,surplus,8288069461.076823,1.0769230769230769,-0.07692307692307687
43,13,2,2017,16.3962,25.0,36.5,0.0,90.0,deficit,-46705955924.24152,1.0714285714285714,-0.0714285714285714
44,14,2,2017,15.426,24.0,36.0,5.0,87.0,deficit,-401954177076.23096,1.0666666666666667,-0.06666666666666665
45,15,2,2017,14.9112,23.0,35.0,5.0,92.0,deficit,-355365457165.3619,1.0625,-0.0625
46,16,2,2017,13.7304,22.0,35.0,0.0,49.0,deficit,-208890523621.3085,1.0588235294117647,-0.05882352941176472
47,17,2,2017,14.787,20.0,35.0,0.0,21.0,deficit,-72844509408.73053,1.0555555555555556,-0.05555555555555558
48,18,2,2017,14.1426,20.0,34.0,0.0,51.0,deficit,-251891227655.34973,1.0526315789473684,-0.05263157894736836
49,19,2,2017,14.1714,20.0,35.0,14.0,93.0,surplus,42387613715.37457,1.05,-0.050000000000000044
50,20,2,2017,12.3246,20.0,35.0,14.0,85.0,surplus,282849982602.3899,1.0476190476190477,-0.04761904761904767
51,21,2,2017,14.0796,20.0,36.0,15.0,90.0,surplus,265264274072.51212,1.0454545454545454,-0.045454545454545414
52,22,2,2017,14.3244,22.0,36.0,18.0,91.0,deficit,-291584886601.0101,1.0434782608695652,-0.04347826086956519
53,23,2,2017,13.3866,23.0,36.0,31.0,94.0,deficit,-292336397098.2086,1.0416666666666667,-0.04166666666666674
54,24,2,2017,13.9716,24.0,37.0,25.0,93.0,deficit,-615825567482.2935,1.04,-0.040000000000000036
55,25,2,2017,13.8222,25.0,36.5,25.0,94.0,deficit,-695394894748.0493,1.0384615384615385,-0.03846153846153855
56,26,2,2017,13.347,24.5,36.0,29.0,88.0,deficit,-255430103223.7621,1.037037037037037,-0.03703703703703698
57,27,2,2017,15.9444,23.0,35.0,40.0,90.0,deficit,-662300336765.0714,1.0357142857142858,-0.03571428571428581
58,28,2,2017,14.1156,23.0,36.5,25.0,89.0,deficit,-437704031055.58203,1.0344827586206897,-0.034482758620689724
59,1,3,2017,14.931,24.0,36.5,30.0,89.0,surplus,727333804.6284714,1.5,-0.5
60,2,3,2017,14.2488,25.0,36.0,36.0,94.0,deficit,-1691326430.5690708,1.3333333333333333,-0.33333333333333326
61,3,3,2017,18.6858,23.0,36.1,30.0,88.0,deficit,-7509247154.148323,1.25,-0.25
62,4,3,2017,18.9864,22.5,35.0,37.0,89.0,deficit,-17204920115.923622,1.2,-0.19999999999999996
63,5,3,2017,17.4024,23.5,35.5,34.0,86.0,deficit,-23964328085.23088,1.1666666666666667,-0.16666666666666674
64,6,3,2017,14.8356,24.5,35.0,36.0,86.0,deficit,-54144039565.95765,1.1428571428571428,-0.1428571428571428
65,7,3,2017,16.172228571428573,24.0,36.5,11.0,88.0,deficit,-29866683365.810707,1.125,-0.125
66,8,3,2017,19.0818,23.5,36.0,22.0,86.0,deficit,-89190629704.27559,1.1111111111111112,-0.11111111111111116
67,9,3,2017,16.0758,26.0,35.0,27.0,86.0,deficit,-145424065681.43893,1.1,-0.10000000000000009
68,10,3,2017,13.0248,25.0,35.2,26.0,86.0,deficit,-110866806990.8919,1.0909090909090908,-0.09090909090909083
69,11,3,2017,16.51128979591837,22.0,35.5,20.0,82.0,deficit,-16712390167.493307,1.0833333333333333,-0.08333333333333326
70,12,3,2017,15.3162,23.5,34.0,24.0,89.0,surplus,8288069461.076823,1.0769230769230769,-0.07692307692307687
71,13,3,2017,18.7146,23.5,35.0,26.0,85.0,deficit,-46705955924.24152,1.0714285714285714,-0.0714285714285714
72,14,3,2017,18.7398,24.0,36.0,31.0,86.0,deficit,-401954177076.23096,1.0666666666666667,-0.06666666666666665
73,15,3,2017,17.3178,23.0,35.0,31.0,87.0,deficit,-355365457165.3619,1.0625,-0.0625
74,16,3,2017,16.528612827988336,24.0,36.5,13.0,87.0,deficit,-208890523621.3085,1.0588235294117647,-0.05882352941176472
75,17,3,2017,16.593300374843817,24.5,35.5,16.0,87.0,deficit,-72844509408.73053,1.0555555555555556,-0.05555555555555558
76,18,3,2017,16.8678,24.5,35.0,30.0,86.0,deficit,-251891227655.34973,1.0526315789473684,-0.05263157894736836
77,19,3,2017,16.0344,26.0,35.0,41.0,87.0,surplus,42387613715.37457,1.05,-0.050000000000000044
78,20,3,2017,17.9298,25.5,35.0,38.0,84.0,surplus,282849982602.3899,1.0476190476190477,-0.04761904761904767
79,21,3,2017,19.3338,23.1,35.5,23.0,86.0,surplus,265264274072.51212,1.0454545454545454,-0.045454545454545414
80,22,3,2017,13.3542,22.5,32.5,52.0,88.0,deficit,-291584886601.0101,1.0434782608695652,-0.04347826086956519
81,23,3,2017,12.816,25.0,29.5,44.0,86.0,deficit,-292336397098.2086,1.0416666666666667,-0.04166666666666674
82,24,3,2017,18.972,24.0,34.0,39.0,90.0,deficit,-615825567482.2935,1.04,-0.040000000000000036
83,25,3,2017,16.47257142857143,22.0,33.5,43.0,87.0,deficit,-695394894748.0493,1.0384615384615385,-0.03846153846153855
84,26,3,2017,16.2918,23.5,32.5,50.0,85.0,deficit,-255430103223.7621,1.037037037037037,-0.03703703703703698
85,27,3,2017,15.8742,23.5,33.2,48.0,87.0,deficit,-662300336765.0714,1.0357142857142858,-0.03571428571428581
86,28,3,2017,17.856,24.0,34.5,34.0,86.0,deficit,-437704031055.58203,1.0344827586206897,-0.034482758620689724
87,29,3,2017,19.431,25.5,35.2,32.0,84.0,deficit,-83326695883.75284,1.0333333333333334,-0.03333333333333344
88,30,3,2017,16.6896,25.0,33.5,44.0,86.0,surplus,211119551018.9378,1.032258064516129,-0.032258064516129004
89,31,3,2017,16.6428,24.0,34.5,46.0,89.0,surplus,191208984839.62888,1.03125,-0.03125
90,1,4,2017,17.03685306122449,22.0,34.0,41.0,87.0,surplus,727333804.6284714,1.5,-0.5
91,2,4,2017,14.4306,22.5,32.5,52.0,87.0,deficit,-1691326430.5690708,1.3333333333333333,-0.33333333333333326
92,3,4,2017,18.9252,23.5,33.0,44.0,87.0,deficit,-7509247154.148323,1.25,-0.25
93,4,4,2017,17.89817142857143,22.5,34.0,47.0,87.0,deficit,-17204920115.923622,1.2,-0.19999999999999996
94,5,4,2017,18.2142,22.2,33.0,47.0,88.0,deficit,-23964328085.23088,1.1666666666666667,-0.16666666666666674
95,6,4,2017,10.3806,22.5,32.0,55.0,86.0,deficit,-54144039565.95765,1.1428571428571428,-0.1428571428571428
96,7,4,2017,16.720546355685133,22.0,33.5,40.0,89.0,deficit,-29866683365.810707,1.125,-0.125
97,8,4,2017,17.3394,22.1,33.5,45.0,86.0,deficit,-89190629704.27559,1.1111111111111112,-0.11111111111111116
98,9,4,2017,12.9996,24.1,30.2,65.0,89.0,deficit,-145424065681.43893,1.1,-0.10000000000000009
99,10,4,2017,16.5258,22.0,34.0,45.0,90.0,deficit,-110866806990.8919,1.0909090909090908,-0.09090909090909083
100,11,4,2017,15.3558,22.5,33.5,51.0,89.0,deficit,-16712390167.493307,1.0833333333333333,-0.08333333333333326
101,12,4,2017,15.9606,26.0,34.0,45.0,87.0,surplus,8288069461.076823,1.0769230769230769,-0.07692307692307687
102,13,4,2017,12.9582,27.0,33.0,55.0,83.0,deficit,-46705955924.24152,1.0714285714285714,-0.0714285714285714
103,14,4,2017,15.5754,23.0,32.1,47.0,88.0,deficit,-401954177076.23096,1.0666666666666667,-0.06666666666666665
104,15,4,2017,18.558,22.0,35.0,37.0,90.0,deficit,-355365457165.3619,1.0625,-0.0625
105,16,4,2017,19.629,21.0,32.5,86.0,88.0,deficit,-208890523621.3085,1.0588235294117647,-0.05882352941176472
106,17,4,2017,19.1376,21.0,33.5,40.0,88.0,deficit,-72844509408.73053,1.0555555555555556,-0.05555555555555558
107,18,4,2017,16.9254,21.5,34.0,47.0,87.0,deficit,-251891227655.34973,1.0526315789473684,-0.05263157894736836
108,19,4,2017,15.7842,24.5,33.0,47.0,88.0,surplus,42387613715.37457,1.05,-0.050000000000000044
109,20,4,2017,13.3164,23.0,31.5,67.0,87.0,surplus,282849982602.3899,1.0476190476190477,-0.04761904761904767
110,21,4,2017,17.4456,23.0,32.0,54.0,88.0,surplus,265264274072.51212,1.0454545454545454,-0.045454545454545414
111,22,4,2017,15.1776,23.0,32.5,56.0,87.0,deficit,-291584886601.0101,1.0434782608695652,-0.04347826086956519
112,23,4,2017,15.4764,24.0,32.5,47.0,88.0,deficit,-292336397098.2086,1.0416666666666667,-0.04166666666666674
113,24,4,2017,18.4536,23.5,33.0,46.0,87.0,deficit,-615825567482.2935,1.04,-0.040000000000000036
114,25,4,2017,12.9222,23.5,31.5,59.0,87.0,deficit,-695394894748.0493,1.0384615384615385,-0.03846153846153855
115,26,4,2017,16.6734,24.5,32.5,44.0,87.0,deficit,-255430103223.7621,1.037037037037037,-0.03703703703703698
116,27,4,2017,19.3428,24.0,33.0,43.0,85.0,deficit,-662300336765.0714,1.0357142857142858,-0.03571428571428581
117,28,4,2017,17.5644,23.5,33.5,58.0,88.0,deficit,-437704031055.58203,1.0344827586206897,-0.034482758620689724
118,29,4,2017,16.7706,25.0,34.0,47.0,86.0,deficit,-83326695883.75284,1.0333333333333334,-0.03333333333333344
119,30,4,2017,17.5284,25.0,34.0,38.0,86.0,surplus,211119551018.9378,1.032258064516129,-0.032258064516129004
120,1,5,2017,17.036485714285714,22.5,25.0,80.0,88.0,surplus,727333804.6284714,1.5,-0.5
121,2,5,2017,16.8858,22.0,25.0,51.0,87.0,deficit,-1691326430.5690708,1.3333333333333333,-0.33333333333333326
122,3,5,2017,17.271,24.0,26.0,44.0,87.0,deficit,-7509247154.148323,1.25,-0.25
123,4,5,2017,16.2468,22.0,27.5,58.0,88.0,deficit,-17204920115.923622,1.2,-0.19999999999999996
124,5,5,2017,16.5636,22.5,31.0,50.0,87.0,deficit,-23964328085.23088,1.1666666666666667,-0.16666666666666674
125,6,5,2017,16.3098,20.5,33.0,53.0,87.0,deficit,-54144039565.95765,1.1428571428571428,-0.1428571428571428
126,7,5,2017,16.834555102040817,21.5,28.0,52.0,88.0,deficit,-29866683365.810707,1.125,-0.125
127,8,5,2017,17.6076,21.0,31.5,45.0,84.0,deficit,-89190629704.27559,1.1111111111111112,-0.11111111111111116
128,9,5,2017,12.834,22.0,31.0,60.0,86.0,deficit,-145424065681.43893,1.1,-0.10000000000000009
129,10,5,2017,19.224,21.5,32.5,50.0,85.0,deficit,-110866806990.8919,1.0909090909090908,-0.09090909090909083
130,11,5,2017,10.656,24.0,31.0,60.0,86.0,deficit,-16712390167.493307,1.0833333333333333,-0.08333333333333326
131,12,5,2017,18.9504,22.5,32.5,59.0,86.0,surplus,8288069461.076823,1.0769230769230769,-0.07692307692307687
132,13,5,2017,16.05947930029155,23.0,33.0,52.0,86.0,deficit,-46705955924.24152,1.0714285714285714,-0.0714285714285714
133,14,5,2017,13.0428,23.5,32.5,57.0,87.0,deficit,-401954177076.23096,1.0666666666666667,-0.06666666666666665
134,15,5,2017,19.9872,25.5,32.5,43.0,87.0,deficit,-355365457165.3619,1.0625,-0.0625
135,16,5,2017,15.821982757184506,24.0,31.0,62.0,87.0,deficit,-208890523621.3085,1.0588235294117647,-0.05882352941176472
136,17,5,2017,15.26166847147022,22.5,31.5,53.0,86.0,deficit,-72844509408.73053,1.0555555555555556,-0.05555555555555558
137,18,5,2017,18.4752,23.5,33.2,46.0,87.0,deficit,-251891227655.34973,1.0526315789473684,-0.05263157894736836
138,19,5,2017,17.6382,24.0,33.5,50.0,87.0,surplus,42387613715.37457,1.05,-0.050000000000000044
139,20,5,2017,16.799818646992325,24.0,32.5,68.0,88.0,surplus,282849982602.3899,1.0476190476190477,-0.04761904761904767
140,21,5,2017,19.935,22.5,32.5,52.0,88.0,surplus,265264274072.51212,1.0454545454545454,-0.045454545454545414
141,22,5,2017,17.70272426794958,24.0,33.5,47.0,86.0,deficit,-291584886601.0101,1.0434782608695652,-0.04347826086956519
142,23,5,2017,16.4844,24.0,33.0,52.0,86.0,deficit,-292336397098.2086,1.0416666666666667,-0.04166666666666674
143,24,5,2017,12.339,26.0,34.0,58.0,88.0,deficit,-615825567482.2935,1.04,-0.040000000000000036
144,25,5,2017,17.446174092427473,21.5,26.5,69.0,87.0,deficit,-695394894748.0493,1.0384615384615385,-0.03846153846153855
145,26,5,2017,18.243,21.0,31.0,50.0,88.0,deficit,-255430103223.7621,1.037037037037037,-0.03703703703703698
146,27,5,2017,18.441,22.5,31.5,51.0,87.0,deficit,-662300336765.0714,1.0357142857142858,-0.03571428571428581
147,28,5,2017,16.335,23.5,32.0,56.0,87.0,deficit,-437704031055.58203,1.0344827586206897,-0.034482758620689724
148,29,5,2017,13.6692,25.1,33.0,55.0,88.0,deficit,-83326695883.75284,1.0333333333333334,-0.03333333333333344
149,30,5,2017,15.2208,21.0,29.0,72.0,86.0,surplus,211119551018.9378,1.032258064516129,-0.032258064516129004
150,31,5,2017,16.9218,21.0,31.0,60.0,88.0,surplus,191208984839.62888,1.03125,-0.03125
151,1,6,2017,16.610996298918213,22.1,32.5,50.0,86.0,surplus,727333804.6284714,1.5,-0.5
152,2,6,2017,12.5946,21.5,30.5,61.0,87.0,deficit,-1691326430.5690708,1.3333333333333333,-0.33333333333333326
153,3,6,2017,14.6502,23.2,30.5,66.0,88.0,deficit,-7509247154.148323,1.25,-0.25
154,4,6,2017,15.857742857142856,27.0,34.0,81.0,88.0,deficit,-17204920115.923622,1.2,-0.19999999999999996
155,5,6,2017,16.2216,22.0,31.5,54.0,86.0,deficit,-23964328085.23088,1.1666666666666667,-0.16666666666666674
156,6,6,2017,11.1222,23.5,31.0,57.0,88.0,deficit,-54144039565.95765,1.1428571428571428,-0.1428571428571428
157,7,6,2017,18.1836,22.0,30.5,54.0,86.0,deficit,-29866683365.810707,1.125,-0.125
158,8,6,2017,16.1802,22.5,32.5,55.0,87.0,deficit,-89190629704.27559,1.1111111111111112,-0.11111111111111116
159,9,6,2017,16.0704,24.0,33.0,57.0,88.0,deficit,-145424065681.43893,1.1,-0.10000000000000009
160,10,6,2017,13.599,25.0,32.5,58.0,88.0,deficit,-110866806990.8919,1.0909090909090908,-0.09090909090909083
161,11,6,2017,12.9438,25.0,30.5,70.0,88.0,deficit,-16712390167.493307,1.0833333333333333,-0.08333333333333326
162,12,6,2017,13.635,22.5,28.5,64.0,87.0,surplus,8288069461.076823,1.0769230769230769,-0.07692307692307687
163,13,6,2017,13.7304,22.0,29.0,64.0,89.0,deficit,-46705955924.24152,1.0714285714285714,-0.0714285714285714
164,14,6,2017,14.906057142857142,23.0,27.5,70.0,88.0,deficit,-401954177076.23096,1.0666666666666667,-0.06666666666666665
165,15,6,2017,12.6054,22.5,30.0,63.0,92.0,deficit,-355365457165.3619,1.0625,-0.0625
166,16,6,2017,16.7292,22.5,30.5,62.0,94.0,deficit,-208890523621.3085,1.0588235294117647,-0.05882352941176472
167,17,6,2017,15.228,21.5,28.5,57.0,94.0,deficit,-72844509408.73053,1.0555555555555556,-0.05555555555555558
168,18,6,2017,13.374,22.5,30.0,85.0,94.0,deficit,-251891227655.34973,1.0526315789473684,-0.05263157894736836
169,19,6,2017,11.4984,22.5,27.0,67.0,98.0,surplus,42387613715.37457,1.05,-0.050000000000000044
170,20,6,2017,10.9368,22.0,28.0,71.0,95.0,surplus,282849982602.3899,1.0476190476190477,-0.04761904761904767
171,21,6,2017,13.611122448979591,21.5,30.1,54.0,92.0,surplus,265264274072.51212,1.0454545454545454,-0.045454545454545414
172,22,6,2017,13.426131778425656,21.0,32.0,50.0,94.0,deficit,-291584886601.0101,1.0434782608695652,-0.04347826086956519
173,23,6,2017,14.0,24.0,29.5,72.0,95.0,deficit,-292336397098.2086,1.0416666666666667,-0.04166666666666674
174,24,6,2017,16.85,24.0,29.0,70.0,96.0,deficit,-615825567482.2935,1.04,-0.040000000000000036
175,25,6,2017,17.32,22.2,30.5,63.0,96.0,deficit,-695394894748.0493,1.0384615384615385,-0.03846153846153855
176,26,6,2017,14.08,22.0,29.5,68.0,95.0,deficit,-255430103223.7621,1.037037037037037,-0.03703703703703698
177,27,6,2017,16.81,22.5,30.0,66.0,95.0,deficit,-662300336765.0714,1.0357142857142858,-0.03571428571428581
178,28,6,2017,16.288731778425657,24.0,31.5,44.0,94.0,deficit,-437704031055.58203,1.0344827586206897,-0.034482758620689724
179,29,6,2017,16.047,23.5,30.0,63.0,97.0,deficit,-83326695883.75284,1.0333333333333334,-0.03333333333333344
180,30,6,2017,17.03,23.0,30.5,63.0,95.0,surplus,211119551018.9378,1.032258064516129,-0.032258064516129004
181,1,7,2017,12.74,23.5,29.0,75.0,97.0,surplus,727333804.6284714,1.5,-0.5
182,2,7,2017,16.96,23.0,31.5,63.0,94.0,deficit,-1691326430.5690708,1.3333333333333333,-0.33333333333333326
183,3,7,2017,17.93,24.0,30.5,63.0,95.0,deficit,-7509247154.148323,1.25,-0.25
184,4,7,2017,17.86,24.0,30.0,55.0,96.0,deficit,-17204920115.923622,1.2,-0.19999999999999996
185,5,7,2017,11.66,22.5,29.5,70.0,97.0,deficit,-23964328085.23088,1.1666666666666667,-0.16666666666666674
186,6,7,2017,14.0778,23.5,26.0,88.0,96.0,deficit,-54144039565.95765,1.1428571428571428,-0.1428571428571428
187,7,7,2017,15.16,22.5,29.5,70.0,95.0,deficit,-29866683365.810707,1.125,-0.125
188,8,7,2017,13.54,22.2,29.0,71.0,95.0,deficit,-89190629704.27559,1.1111111111111112,-0.11111111111111116
189,9,7,2017,15.312542857142855,23.0,24.5,93.0,98.0,deficit,-145424065681.43893,1.1,-0.10000000000000009
190,10,7,2017,19.22,22.5,27.5,61.0,96.0,deficit,-110866806990.8919,1.0909090909090908,-0.09090909090909083
191,11,7,2017,21.02,20.5,29.5,51.0,95.0,deficit,-16712390167.493307,1.0833333333333333,-0.08333333333333326
192,12,7,2017,15.88,21.0,27.5,73.0,94.0,surplus,8288069461.076823,1.0769230769230769,-0.07692307692307687
193,13,7,2017,14.29,22.0,28.0,72.0,97.0,deficit,-46705955924.24152,1.0714285714285714,-0.0714285714285714
194,14,7,2017,12.02,22.5,27.1,70.0,96.0,deficit,-401954177076.23096,1.0666666666666667,-0.06666666666666665
195,15,7,2017,14.36,22.0,28.0,69.0,95.0,deficit,-355365457165.3619,1.0625,-0.0625
196,16,7,2017,13.43,22.2,29.5,70.0,96.0,deficit,-208890523621.3085,1.0588235294117647,-0.05882352941176472
197,17,7,2017,15.745714285714286,23.0,26.0,90.0,98.0,deficit,-72844509408.73053,1.0555555555555556,-0.05555555555555558
198,18,7,2017,11.16,23.5,27.5,80.0,98.0,deficit,-251891227655.34973,1.0526315789473684,-0.05263157894736836
199,19,7,2017,15.34,23.8,29.5,70.0,98.0,surplus,42387613715.37457,1.05,-0.050000000000000044
200,20,7,2017,13.54,23.0,30.0,74.0,95.0,surplus,282849982602.3899,1.0476190476190477,-0.04761904761904767
201,21,7,2017,13.32,23.0,28.0,79.0,98.0,surplus,265264274072.51212,1.0454545454545454,-0.045454545454545414
202,22,7,2017,13.3272,22.5,28.5,82.0,98.0,deficit,-291584886601.0101,1.0434782608695652,-0.04347826086956519
203,23,7,2017,13.43,22.0,28.5,73.0,96.0,deficit,-292336397098.2086,1.0416666666666667,-0.04166666666666674
204,24,7,2017,16.31,23.0,28.5,69.0,94.0,deficit,-615825567482.2935,1.04,-0.040000000000000036
205,25,7,2017,13.5,23.0,27.5,78.0,96.0,deficit,-695394894748.0493,1.0384615384615385,-0.03846153846153855
206,26,7,2017,14.15,23.0,27.5,73.0,95.0,deficit,-255430103223.7621,1.037037037037037,-0.03703703703703698
207,27,7,2017,19.76,23.2,28.5,76.0,94.0,deficit,-662300336765.0714,1.0357142857142858,-0.03571428571428581
208,28,7,2017,14.8,23.0,28.5,73.0,96.0,deficit,-437704031055.58203,1.0344827586206897,-0.034482758620689724
209,29,7,2017,14.04,23.0,29.5,72.0,96.0,deficit,-83326695883.75284,1.0333333333333334,-0.03333333333333344
210,30,7,2017,12.82,23.0,29.0,75.0,95.0,surplus,211119551018.9378,1.032258064516129,-0.032258064516129004
211,31,7,2017,10.66,22.0,28.5,74.0,95.0,surplus,191208984839.62888,1.03125,-0.03125
212,1,8,2017,14.247142857142856,22.0,26.0,89.0,98.0,surplus,727333804.6284714,1.5,-0.5
213,2,8,2017,13.251742857142858,23.0,27.0,85.0,98.0,deficit,-1691326430.5690708,1.3333333333333333,-0.33333333333333326
214,3,8,2017,12.008685714285715,22.5,26.5,83.0,96.0,deficit,-7509247154.148323,1.25,-0.25
215,4,8,2017,10.542257142857142,22.1,25.0,86.0,97.0,deficit,-17204920115.923622,1.2,-0.19999999999999996
216,5,8,2017,10.5714,20.5,28.0,75.0,98.0,deficit,-23964328085.23088,1.1666666666666667,-0.16666666666666674
217,6,8,2017,10.0332,23.0,26.5,78.0,96.0,deficit,-54144039565.95765,1.1428571428571428,-0.1428571428571428
218,7,8,2017,10.0152,22.1,26.5,76.0,96.0,deficit,-29866683365.810707,1.125,-0.125
219,8,8,2017,12.0204,22.0,27.5,63.0,95.0,deficit,-89190629704.27559,1.1111111111111112,-0.11111111111111116
220,9,8,2017,10.692,22.0,28.0,72.0,96.0,deficit,-145424065681.43893,1.1,-0.10000000000000009
221,10,8,2017,15.3324,22.5,30.0,63.0,96.0,deficit,-110866806990.8919,1.0909090909090908,-0.09090909090909083
222,11,8,2017,13.3128,22.5,28.5,70.0,96.0,deficit,-16712390167.493307,1.0833333333333333,-0.08333333333333326
223,12,8,2017,11.711057142857143,22.5,28.0,72.0,96.0,surplus,8288069461.076823,1.0769230769230769,-0.07692307692307687
224,13,8,2017,11.421,22.5,28.0,65.0,97.0,deficit,-46705955924.24152,1.0714285714285714,-0.0714285714285714
225,14,8,2017,10.3104,23.5,31.0,65.0,97.0,deficit,-401954177076.23096,1.0666666666666667,-0.06666666666666665
226,15,8,2017,12.11429387755102,22.0,32.0,80.0,98.0,deficit,-355365457165.3619,1.0625,-0.0625
227,16,8,2017,12.127707288629736,22.0,27.0,83.0,99.0,deficit,-208890523621.3085,1.0588235294117647,-0.05882352941176472
228,17,8,2017,12.332808329862557,21.0,27.0,84.0,97.0,deficit,-72844509408.73053,1.0555555555555556,-0.05555555555555558
229,18,8,2017,11.904295234128638,22.0,27.0,76.0,96.0,deficit,-251891227655.34973,1.0526315789473684,-0.05263157894736836
230,19,8,2017,13.932,22.5,29.5,67.0,98.0,surplus,42387613715.37457,1.05,-0.050000000000000044
231,20,8,2017,11.7648,21.0,27.0,73.0,96.0,surplus,282849982602.3899,1.0476190476190477,-0.04761904761904767
232,21,8,2017,12.069472104310279,21.0,27.0,74.0,92.0,surplus,265264274072.51212,1.0454545454545454,-0.045454545454545414
233,22,8,2017,11.50247210431028,21.5,25.5,78.0,92.0,deficit,-291584886601.0101,1.0434782608695652,-0.04347826086956519
234,23,8,2017,12.1086,21.5,27.5,63.0,92.0,deficit,-292336397098.2086,1.0416666666666667,-0.04166666666666674
235,24,8,2017,14.4684,22.0,27.5,64.0,92.0,deficit,-615825567482.2935,1.04,-0.040000000000000036
236,25,8,2017,12.535719920392742,21.5,26.0,85.0,95.0,deficit,-695394894748.0493,1.0384615384615385,-0.03846153846153855
237,26,8,2017,14.4918,21.0,28.0,65.0,94.0,deficit,-255430103223.7621,1.037037037037037,-0.03703703703703698
238,27,8,2017,12.705894875573327,23.0,27.5,77.0,97.0,deficit,-662300336765.0714,1.0357142857142858,-0.03571428571428581
239,28,8,2017,11.2572,22.5,29.0,67.0,93.0,deficit,-437704031055.58203,1.0344827586206897,-0.034482758620689724
240,29,8,2017,12.724298128610908,23.0,25.0,87.0,93.0,deficit,-83326695883.75284,1.0333333333333334,-0.03333333333333344
241,30,8,2017,11.634716399423723,22.0,26.0,82.0,93.0,surplus,211119551018.9378,1.032258064516129,-0.032258064516129004
242,31,8,2017,10.9152,22.5,27.5,60.0,94.0,surplus,191208984839.62888,1.03125,-0.03125
243,1,9,2017,11.79,21.5,28.0,65.0,93.0,surplus,727333804.6284714,1.5,-0.5
244,2,9,2017,12.21701562908685,21.5,27.0,74.0,94.0,deficit,-1691326430.5690708,1.3333333333333333,-0.33333333333333326
245,3,9,2017,13.518,22.0,28.0,66.0,94.0,deficit,-7509247154.148323,1.25,-0.25
246,4,9,2017,11.0178,21.0,28.0,68.0,94.0,deficit,-17204920115.923622,1.2,-0.19999999999999996
247,5,9,2017,11.973861451017354,21.0,27.5,67.0,93.0,deficit,-23964328085.23088,1.1666666666666667,-0.16666666666666674
248,6,9,2017,11.474990289787225,21.0,28.0,68.0,93.0,deficit,-54144039565.95765,1.1428571428571428,-0.1428571428571428
249,7,9,2017,11.211230804155264,23.0,25.0,78.0,93.0,deficit,-29866683365.810707,1.125,-0.125
250,8,9,2017,10.7676,20.0,27.0,82.0,94.0,deficit,-89190629704.27559,1.1111111111111112,-0.11111111111111116
251,9,9,2017,13.6566,21.5,30.0,66.0,85.0,deficit,-145424065681.43893,1.1,-0.10000000000000009
252,10,9,2017,11.7054,23.0,29.0,67.0,95.0,deficit,-110866806990.8919,1.0909090909090908,-0.09090909090909083
253,11,9,2017,12.987,23.0,29.0,58.0,93.0,deficit,-16712390167.493307,1.0833333333333333,-0.08333333333333326
254,12,9,2017,12.2868,21.5,29.0,65.0,94.0,surplus,8288069461.076823,1.0769230769230769,-0.07692307692307687
255,13,9,2017,11.968097506422835,22.0,28.0,78.0,93.0,deficit,-46705955924.24152,1.0714285714285714,-0.0714285714285714
256,14,9,2017,18.9792,20.5,30.5,57.0,92.0,deficit,-401954177076.23096,1.0666666666666667,-0.06666666666666665
257,15,9,2017,11.862,22.5,30.0,64.0,92.0,deficit,-355365457165.3619,1.0625,-0.0625
258,16,9,2017,11.2068,22.5,29.0,85.0,93.0,deficit,-208890523621.3085,1.0588235294117647,-0.05882352941176472
259,17,9,2017,14.2956,22.5,29.5,58.0,92.0,deficit,-72844509408.73053,1.0555555555555556,-0.05555555555555558
260,18,9,2017,14.0202,23.0,30.0,60.0,90.0,deficit,-251891227655.34973,1.0526315789473684,-0.05263157894736836
261,19,9,2017,13.516956786631834,22.0,29.5,75.0,91.0,surplus,42387613715.37457,1.05,-0.050000000000000044
262,20,9,2017,15.9264,24.0,31.0,46.0,91.0,surplus,282849982602.3899,1.0476190476190477,-0.04761904761904767
263,21,9,2017,14.25816525523312,23.0,29.0,69.0,93.0,surplus,265264274072.51212,1.0454545454545454,-0.045454545454545414
264,22,9,2017,14.0796,23.5,29.0,62.0,92.0,deficit,-291584886601.0101,1.0434782608695652,-0.04347826086956519
265,23,9,2017,16.974,23.0,30.0,60.0,97.0,deficit,-292336397098.2086,1.0416666666666667,-0.04166666666666674
266,24,9,2017,13.9266,21.0,29.5,55.0,97.0,deficit,-615825567482.2935,1.04,-0.040000000000000036
267,25,9,2017,15.3432,21.0,31.0,56.0,94.0,deficit,-695394894748.0493,1.0384615384615385,-0.03846153846153855
268,26,9,2017,14.860703148837851,21.5,25.5,80.0,93.0,deficit,-255430103223.7621,1.037037037037037,-0.03703703703703698
269,27,9,2017,15.1596,21.0,30.0,63.0,93.0,deficit,-662300336765.0714,1.0357142857142858,-0.03571428571428581
270,28,9,2017,14.0832,22.5,29.5,62.0,95.0,deficit,-437704031055.58203,1.0344827586206897,-0.034482758620689724
271,29,9,2017,11.5956,22.5,28.5,60.0,96.0,deficit,-83326695883.75284,1.0333333333333334,-0.03333333333333344
272,30,9,2017,12.7584,21.5,29.5,50.0,94.0,surplus,211119551018.9378,1.032258064516129,-0.032258064516129004
273,1,10,2017,16.9272,21.0,31.5,48.0,96.0,surplus,727333804.6284714,1.5,-0.5
274,2,10,2017,14.8212,22.5,30.5,64.0,95.0,deficit,-1691326430.5690708,1.3333333333333333,-0.33333333333333326
275,3,10,2017,19.5372,23.0,31.5,60.0,94.0,deficit,-7509247154.148323,1.25,-0.25
276,4,10,2017,15.9984,22.0,30.0,46.0,95.0,deficit,-17204920115.923622,1.2,-0.19999999999999996
277,5,10,2017,16.2,21.5,30.5,57.0,95.0,deficit,-23964328085.23088,1.1666666666666667,-0.16666666666666674
278,6,10,2017,17.847,23.5,31.0,59.0,94.0,deficit,-54144039565.95765,1.1428571428571428,-0.1428571428571428
279,7,10,2017,14.2398,23.0,30.0,64.0,96.0,deficit,-29866683365.810707,1.125,-0.125
280,8,10,2017,12.0564,22.5,30.0,72.0,97.0,deficit,-89190629704.27559,1.1111111111111112,-0.11111111111111116
281,9,10,2017,13.1652,22.5,31.0,60.0,98.0,deficit,-145424065681.43893,1.1,-0.10000000000000009
282,10,10,2017,14.0418,22.0,31.5,65.0,100.0,deficit,-110866806990.8919,1.0909090909090908,-0.09090909090909083
283,11,10,2017,16.416,21.5,30.0,60.0,95.0,deficit,-16712390167.493307,1.0833333333333333,-0.08333333333333326
284,12,10,2017,11.7036,21.0,28.5,73.0,95.0,surplus,8288069461.076823,1.0769230769230769,-0.07692307692307687
285,13,10,2017,15.0606,23.5,31.2,60.0,95.0,deficit,-46705955924.24152,1.0714285714285714,-0.0714285714285714
286,14,10,2017,18.0738,22.0,31.0,52.0,96.0,deficit,-401954177076.23096,1.0666666666666667,-0.06666666666666665
287,15,10,2017,14.359628571428573,24.5,32.0,43.0,95.0,deficit,-355365457165.3619,1.0625,-0.0625
288,16,10,2017,17.4744,21.5,31.5,58.0,95.0,deficit,-208890523621.3085,1.0588235294117647,-0.05882352941176472
289,17,10,2017,18.7416,22.0,31.5,53.0,94.0,deficit,-72844509408.73053,1.0555555555555556,-0.05555555555555558
290,18,10,2017,15.975661224489796,24.0,28.0,79.0,96.0,deficit,-251891227655.34973,1.0526315789473684,-0.05263157894736836
291,19,10,2017,10.7406,24.0,28.5,71.0,96.0,surplus,42387613715.37457,1.05,-0.050000000000000044
292,20,10,2017,12.9998,23.5,31.25,48.0,96.0,surplus,282849982602.3899,1.0476190476190477,-0.04761904761904767
293,21,10,2017,15.480784256559767,23.5,31.0,53.0,96.0,surplus,265264274072.51212,1.0454545454545454,-0.045454545454545414
294,22,10,2017,19.19,24.5,32.2,56.0,97.0,deficit,-291584886601.0101,1.0434782608695652,-0.04347826086956519
295,23,10,2017,17.17,24.0,31.5,63.0,94.0,deficit,-292336397098.2086,1.0416666666666667,-0.04166666666666674
296,24,10,2017,15.75692078300708,23.5,31.5,52.0,95.0,deficit,-615825567482.2935,1.04,-0.040000000000000036
297,25,10,2017,18.61,24.0,33.0,45.0,97.0,deficit,-695394894748.0493,1.0384615384615385,-0.03846153846153855
298,26,10,2017,0.0,24.0,33.5,40.0,98.0,deficit,-255430103223.7621,1.037037037037037,-0.03703703703703698
299,27,10,2017,14.17250071993812,23.5,32.5,39.0,100.0,deficit,-662300336765.0714,1.0357142857142858,-0.03571428571428581
300,28,10,2017,17.5,24.0,30.5,52.0,96.0,deficit,-437704031055.58203,1.0344827586206897,-0.034482758620689724
301,29,10,2017,14.628488786135026,24.0,32.5,39.0,91.0,deficit,-83326695883.75284,1.0333333333333334,-0.03333333333333344
302,30,10,2017,14.962774500420744,24.0,33.0,18.0,91.0,surplus,211119551018.9378,1.032258064516129,-0.032258064516129004
303,31,10,2017,16.96,24.0,32.5,57.0,93.0,surplus,191208984839.62888,1.03125,-0.03125
304,1,11,2017,17.42,23.5,31.5,26.0,93.0,surplus,727333804.6284714,1.5,-0.5
305,2,11,2017,13.03,23.5,29.0,67.0,95.0,deficit,-1691326430.5690708,1.3333333333333333,-0.33333333333333326
306,3,11,2017,19.94,22.2,31.5,44.0,93.0,deficit,-7509247154.148323,1.25,-0.25
307,4,11,2017,19.69,22.5,32.5,41.0,93.0,deficit,-17204920115.923622,1.2,-0.19999999999999996
308,5,11,2017,18.54,24.0,31.5,37.0,95.0,deficit,-23964328085.23088,1.1666666666666667,-0.16666666666666674
309,6,11,2017,19.73,22.5,32.5,29.0,93.0,deficit,-54144039565.95765,1.1428571428571428,-0.1428571428571428
310,7,11,2017,19.22,24.0,33.0,27.0,95.0,deficit,-29866683365.810707,1.125,-0.125
311,8,11,2017,18.224285714285717,24.0,34.0,16.0,93.0,deficit,-89190629704.27559,1.1111111111111112,-0.11111111111111116
312,9,11,2017,19.87,24.0,35.0,18.0,94.0,deficit,-145424065681.43893,1.1,-0.10000000000000009
313,10,11,2017,19.316326530612248,24.0,34.5,19.0,93.0,deficit,-110866806990.8919,1.0909090909090908,-0.09090909090909083
314,11,11,2017,19.22723032069971,24.0,34.0,20.0,95.0,deficit,-16712390167.493307,1.0833333333333333,-0.08333333333333326
315,12,11,2017,19.161120366513952,25.0,34.0,16.0,94.0,surplus,8288069461.076823,1.0769230769230769,-0.07692307692307687
316,13,11,2017,19.479691795085383,24.5,34.0,28.0,92.0,deficit,-46705955924.24152,1.0714285714285714,-0.0714285714285714
317,14,11,2017,19.3,24.0,34.0,32.0,93.0,deficit,-401954177076.23096,1.0666666666666667,-0.06666666666666665
318,15,11,2017,16.42,24.0,33.0,42.0,92.0,deficit,-355365457165.3619,1.0625,-0.0625
319,16,11,2017,17.57,24.0,33.0,39.0,92.0,deficit,-208890523621.3085,1.0588235294117647,-0.05882352941176472
320,17,11,2017,19.66,25.0,33.5,35.0,92.0,deficit,-72844509408.73053,1.0555555555555556,-0.05555555555555558
321,18,11,2017,16.78,24.0,34.0,35.0,95.0,deficit,-251891227655.34973,1.0526315789473684,-0.05263157894736836
322,19,11,2017,17.53,22.2,32.0,52.0,98.0,surplus,42387613715.37457,1.05,-0.050000000000000044
323,20,11,2017,18.32,24.0,33.5,37.0,94.0,surplus,282849982602.3899,1.0476190476190477,-0.04761904761904767
324,21,11,2017,17.94,22.0,33.0,35.0,93.0,surplus,265264274072.51212,1.0454545454545454,-0.045454545454545414
325,22,11,2017,18.4,22.0,34.0,37.0,94.0,deficit,-291584886601.0101,1.0434782608695652,-0.04347826086956519
326,23,11,2017,18.58,25.0,32.0,44.0,96.0,deficit,-292336397098.2086,1.0416666666666667,-0.04166666666666674
327,24,11,2017,19.01,24.5,32.1,35.0,93.0,deficit,-615825567482.2935,1.04,-0.040000000000000036
328,25,11,2017,18.76,25.0,32.0,32.0,97.0,deficit,-695394894748.0493,1.0384615384615385,-0.03846153846153855
329,26,11,2017,18.36285714285714,23.5,32.5,18.0,94.0,deficit,-255430103223.7621,1.037037037037037,-0.03703703703703698
330,27,11,2017,18.912857142857145,22.5,33.5,15.0,95.0,deficit,-662300336765.0714,1.0357142857142858,-0.03571428571428581
331,28,11,2017,15.010000000000002,22.5,33.5,13.0,84.0,deficit,-437704031055.58203,1.0344827586206897,-0.034482758620689724
332,29,11,2017,15.501428571428571,22.5,33.5,4.0,94.0,deficit,-83326695883.75284,1.0333333333333334,-0.03333333333333344
333,30,11,2017,15.907142857142857,23.5,33.0,22.0,95.0,surplus,211119551018.9378,1.032258064516129,-0.032258064516129004
334,1,12,2017,16.164285714285715,22.5,33.0,23.0,94.0,surplus,727333804.6284714,1.5,-0.5
335,2,12,2017,19.44,24.0,33.5,15.0,93.0,deficit,-1691326430.5690708,1.3333333333333333,-0.33333333333333326
336,3,12,2017,19.12,24.0,35.0,13.0,95.0,deficit,-7509247154.148323,1.25,-0.25
337,4,12,2017,17.82,25.0,34.0,30.0,95.0,deficit,-17204920115.923622,1.2,-0.19999999999999996
338,5,12,2017,19.51,25.0,35.0,15.0,94.0,deficit,-23964328085.23088,1.1666666666666667,-0.16666666666666674
339,6,12,2017,0.0,25.0,35.2,15.0,96.0,deficit,-54144039565.95765,1.1428571428571428,-0.1428571428571428
340,7,12,2017,17.64,25.0,32.5,41.0,93.0,deficit,-29866683365.810707,1.125,-0.125
341,8,12,2017,16.13,24.0,33.0,33.0,94.0,deficit,-89190629704.27559,1.1111111111111112,-0.11111111111111116
342,9,12,2017,15.665714285714285,24.0,27.0,80.0,97.0,deficit,-145424065681.43893,1.1,-0.10000000000000009
343,10,12,2017,15.7,23.0,31.5,16.0,85.0,deficit,-110866806990.8919,1.0909090909090908,-0.09090909090909083
344,11,12,2017,17.06,23.5,24.0,5.0,88.0,deficit,-16712390167.493307,1.0833333333333333,-0.08333333333333326
345,12,12,2017,15.98,23.5,32.5,23.0,80.0,surplus,8288069461.076823,1.0769230769230769,-0.07692307692307687
346,13,12,2017,0.0,23.0,35.0,5.0,86.0,deficit,-46705955924.24152,1.0714285714285714,-0.0714285714285714
347,14,12,2017,18.5,23.0,33.5,43.0,90.0,deficit,-401954177076.23096,1.0666666666666667,-0.06666666666666665
348,15,12,2017,19.08,23.0,35.0,26.0,95.0,deficit,-355365457165.3619,1.0625,-0.0625
349,16,12,2017,19.04,22.5,35.0,0.0,94.0,deficit,-208890523621.3085,1.0588235294117647,-0.05882352941176472
350,17,12,2017,17.32,24.5,34.0,29.0,93.0,deficit,-72844509408.73053,1.0555555555555556,-0.05555555555555558
351,18,12,2017,17.28,24.0,34.0,41.0,93.0,deficit,-251891227655.34973,1.0526315789473684,-0.05263157894736836
352,19,12,2017,14.72,25.0,32.0,53.0,97.0,surplus,42387613715.37457,1.05,-0.050000000000000044
353,20,12,2017,15.98,25.0,33.0,42.0,96.0,surplus,282849982602.3899,1.0476190476190477,-0.04761904761904767
354,21,12,2017,16.52,23.5,32.5,43.0,96.0,surplus,265264274072.51212,1.0454545454545454,-0.045454545454545414
355,22,12,2017,17.68,24.0,34.0,44.0,96.0,deficit,-291584886601.0101,1.0434782608695652,-0.04347826086956519
356,23,12,2017,13.46,16.0,33.5,0.0,90.0,deficit,-292336397098.2086,1.0416666666666667,-0.04166666666666674
357,24,12,2017,18.94,18.0,33.5,0.0,85.0,deficit,-615825567482.2935,1.04,-0.040000000000000036
358,25,12,2017,18.47,18.5,33.5,10.0,85.0,deficit,-695394894748.0493,1.0384615384615385,-0.03846153846153855
359,26,12,2017,18.25,18.5,33.5,25.0,87.0,deficit,-255430103223.7621,1.037037037037037,-0.03703703703703698
360,27,12,2017,17.17,19.5,32.5,11.0,87.0,deficit,-662300336765.0714,1.0357142857142858,-0.03571428571428581
361,28,12,2017,17.212857142857143,19.0,33.5,4.0,62.0,deficit,-437704031055.58203,1.0344827586206897,-0.034482758620689724
362,29,12,2017,0.0,19.0,34.0,13.428571428571429,84.57142857142857,deficit,-83326695883.75284,1.0333333333333334,-0.03333333333333344
363,30,12,2017,14.786122448979594,21.5,33.5,12.0,94.0,surplus,211119551018.9378,1.032258064516129,-0.032258064516129004
364,31,12,2017,15.614693877551021,19.0,33.0,19.0,84.0,surplus,191208984839.62888,1.03125,-0.03125
