,Day,Month,Year,SolRadiation (MJ/m²/day),TempMin (°C),TempMax (°C),RelHumMin (%),RelHumMax (%),net radiation name,net radiation,surplus,deficit
0,1,1,2018,15.0642,18.5,33.5,12.9,67.9,surplus,177002381.00568,1.5,-0.5
1,2,1,2018,12.6918,19.5,33.5,15.5,66.9,deficit,-187982017.15585822,1.3333333333333333,-0.33333333333333326
2,3,1,2018,13.7628,20.0,31.5,60.0,27.0,deficit,-19944393514.406628,1.25,-0.25
3,4,1,2018,16.2396,20.5,31.0,4.0,31.0,deficit,-27610871663.00189,1.2,-0.19999999999999996
4,5,1,2018,15.615,20.0,34.0,8.5,59.2,deficit,-43857725388.69545,1.1666666666666667,-0.16666666666666674
5,6,1,2018,15.4818,16.5,33.0,9.4,77.3,deficit,-29442621165.2117,1.1428571428571428,-0.1428571428571428
6,7,1,2018,13.3992,17.0,33.5,28.3,94.1,deficit,-51242455936.07665,1.125,-0.125
7,8,1,2018,13.5774,18.5,32.5,20.0,97.0,deficit,-65856847985.95877,1.1111111111111112,-0.11111111111111116
8,9,1,2018,16.5888,20.5,36.0,12.9,98.0,deficit,-76178109231.27322,1.1,-0.10000000000000009
9,10,1,2018,14.9328,20.0,33.5,20.0,96.0,deficit,-160767246351.45053,1.0909090909090908,-0.09090909090909083
10,11,1,2018,15.597,21.5,35.0,2.0,90.0,deficit,-193455637322.52835,1.0833333333333333,-0.08333333333333326
11,12,1,2018,17.4834,21.5,30.1,0.0,95.0,deficit,-236673540901.2492,1.0769230769230769,-0.07692307692307687
12,13,1,2018,13.194,21.0,34.0,0.0,97.0,deficit,-330143323752.6498,1.0714285714285714,-0.0714285714285714
13,14,1,2018,14.0346,18.0,33.5,0.0,97.0,deficit,-388092406384.80396,1.0666666666666667,-0.06666666666666665
14,15,1,2018,12.951,18.0,33.5,0.0,96.0,deficit,-266991751094.4546,1.0625,-0.0625
15,16,1,2018,14.9904,19.0,32.5,20.0,95.0,deficit,-385628984917.6859,1.0588235294117647,-0.05882352941176472
16,17,1,2018,16.155,21.5,34.5,5.0,93.0,deficit,-452897848657.1671,1.0555555555555556,-0.05555555555555558
17,18,1,2018,12.1572,22.5,34.5,0.0,95.0,deficit,-172575338876.7881,1.0526315789473684,-0.05263157894736836
18,19,1,2018,12.8844,22.5,33.5,27.0,95.0,deficit,-459964237626.8672,1.05,-0.050000000000000044
19,20,1,2018,15.5358,22.5,34.5,10.0,90.0,deficit,-556804432091.5745,1.0476190476190477,-0.04761904761904767
20,21,1,2018,16.8372,22.2,35.0,5.0,96.0,deficit,-693890023517.5988,1.0454545454545454,-0.045454545454545414
21,22,1,2018,13.815,24.0,19.5,0.0,86.0,deficit,-841399420688.253,1.0434782608695652,-0.04347826086956519
22,23,1,2018,13.6332,19.0,33.0,8.0,90.0,deficit,-1215318659046.3328,1.0416666666666667,-0.04166666666666674
23,24,1,2018,12.0798,19.5,32.0,7.0,57.0,deficit,-1367733657826.229,1.04,-0.040000000000000036
24,25,1,2018,11.3238,18.0,33.0,0.0,74.0,deficit,-1306193838575.8596,1.0384615384615385,-0.03846153846153855
25,26,1,2018,13.2336,17.2,32.5,7.0,80.0,deficit,-1291045991319.6436,1.037037037037037,-0.03703703703703698
26,27,1,2018,13.068,18.0,33.5,6.0,90.0,deficit,-1080823924231.6935,1.0357142857142858,-0.03571428571428581
27,28,1,2018,14.5386,21.0,33.5,10.0,90.0,deficit,-1074582221397.7903,1.0344827586206897,-0.034482758620689724
28,29,1,2018,14.2236,20.2,34.5,13.0,93.0,deficit,-1770182686669.6536,1.0333333333333334,-0.03333333333333344
29,30,1,2018,15.0264,22.0,34.0,0.0,73.0,deficit,-1983322785561.1008,1.032258064516129,-0.032258064516129004
30,31,1,2018,13.356257142857142,20.0,35.0,0.0,77.0,deficit,-1636056949260.725,1.03125,-0.03125
31,1,2,2018,13.0014,19.5,36.0,4.0,99.0,surplus,177002381.00568,1.5,-0.5
32,2,2,2018,14.076,19.5,34.0,12.0,95.0,deficit,-187982017.15585822,1.3333333333333333,-0.33333333333333326
33,3,2,2018,15.7374,22.1,35.5,6.0,97.0,deficit,-19944393514.406628,1.25,-0.25
34,4,2,2018,16.1766,19.0,35.5,36.0,95.0,deficit,-27610871663.00189,1.2,-0.19999999999999996
35,5,2,2018,13.8942,23.5,36.5,20.0,98.0,deficit,-43857725388.69545,1.1666666666666667,-0.16666666666666674
36,6,2,2018,14.7168,24.0,35.5,31.0,95.0,deficit,-29442621165.2117,1.1428571428571428,-0.1428571428571428
37,7,2,2018,12.681,24.0,36.5,26.0,96.0,deficit,-51242455936.07665,1.125,-0.125
38,8,2,2018,14.326199999999998,25.0,35.5,38.0,96.0,deficit,-65856847985.95877,1.1111111111111112,-0.11111111111111116
39,9,2,2018,14.2884,26.0,33.0,56.0,98.0,deficit,-76178109231.27322,1.1,-0.10000000000000009
40,10,2,2018,14.5458,24.0,33.0,30.0,95.0,deficit,-160767246351.45053,1.0909090909090908,-0.09090909090909083
41,11,2,2018,17.1036,23.5,31.0,55.0,95.0,deficit,-193455637322.52835,1.0833333333333333,-0.08333333333333326
42,12,2,2018,14.8374,24.5,35.2,20.0,97.0,deficit,-236673540901.2492,1.0769230769230769,-0.07692307692307687
43,13,2,2018,14.49,24.0,35.0,0.0,93.0,deficit,-330143323752.6498,1.0714285714285714,-0.0714285714285714
44,14,2,2018,16.3044,23.0,35.1,13.0,95.0,deficit,-388092406384.80396,1.0666666666666667,-0.06666666666666665
45,15,2,2018,16.2828,23.5,35.5,25.0,95.0,deficit,-266991751094.4546,1.0625,-0.0625
46,16,2,2018,14.5782,24.7,35.5,29.0,98.0,deficit,-385628984917.6859,1.0588235294117647,-0.05882352941176472
47,17,2,2018,13.7232,25.0,35.5,24.0,96.0,deficit,-452897848657.1671,1.0555555555555556,-0.05555555555555558
48,18,2,2018,17.0748,26.0,33.0,50.0,85.0,deficit,-172575338876.7881,1.0526315789473684,-0.05263157894736836
49,19,2,2018,15.327257142857144,23.0,34.5,35.0,92.0,deficit,-459964237626.8672,1.05,-0.050000000000000044
50,20,2,2018,13.1382,23.0,30.0,46.0,98.0,deficit,-556804432091.5745,1.0476190476190477,-0.04761904761904767
51,21,2,2018,15.6618,23.5,33.5,44.0,97.0,deficit,-693890023517.5988,1.0454545454545454,-0.045454545454545414
52,22,2,2018,13.1778,23.5,33.5,33.0,96.0,deficit,-841399420688.253,1.0434782608695652,-0.04347826086956519
53,23,2,2018,14.668751020408164,24.5,34.5,39.0,97.0,deficit,-1215318659046.3328,1.0416666666666667,-0.04166666666666674
54,24,2,2018,18.4266,21.2,33.5,71.0,96.0,deficit,-1367733657826.229,1.04,-0.040000000000000036
55,25,2,2018,13.503085714285715,22.2,35.0,37.0,97.0,deficit,-1306193838575.8596,1.0384615384615385,-0.03846153846153855
56,26,2,2018,16.0272,25.0,29.5,67.0,98.0,deficit,-1291045991319.6436,1.037037037037037,-0.03703703703703698
57,27,2,2018,13.6854,25.5,32.5,49.0,96.0,deficit,-1080823924231.6935,1.0357142857142858,-0.03571428571428581
58,28,2,2018,14.674639067055395,22.0,34.0,42.0,98.0,deficit,-1074582221397.7903,1.0344827586206897,-0.034482758620689724
59,1,3,2018,16.8264,24.0,33.5,45.0,96.0,surplus,177002381.00568,1.5,-0.5
60,2,3,2018,16.3674,23.5,35.0,25.0,94.0,deficit,-187982017.15585822,1.3333333333333333,-0.33333333333333326
61,3,3,2018,16.6392,23.5,35.1,20.0,95.0,deficit,-19944393514.406628,1.25,-0.25
62,4,3,2018,17.604,26.0,35.5,78.0,94.0,deficit,-27610871663.00189,1.2,-0.19999999999999996
63,5,3,2018,16.7706,23.5,30.5,40.0,96.0,deficit,-43857725388.69545,1.1666666666666667,-0.16666666666666674
64,6,3,2018,13.8384,23.5,34.0,38.0,97.0,deficit,-29442621165.2117,1.1428571428571428,-0.1428571428571428
65,7,3,2018,13.5864,24.0,34.0,42.0,98.0,deficit,-51242455936.07665,1.125,-0.125
66,8,3,2018,15.786,22.0,32.5,58.0,96.0,deficit,-65856847985.95877,1.1111111111111112,-0.11111111111111116
67,9,3,2018,12.0888,22.2,33.0,48.0,97.0,deficit,-76178109231.27322,1.1,-0.10000000000000009
68,10,3,2018,16.4088,22.5,33.0,59.0,98.0,deficit,-160767246351.45053,1.0909090909090908,-0.09090909090909083
69,11,3,2018,16.4106,22.0,33.5,47.0,97.0,deficit,-193455637322.52835,1.0833333333333333,-0.08333333333333326
70,12,3,2018,16.8624,23.0,35.0,37.0,97.0,deficit,-236673540901.2492,1.0769230769230769,-0.07692307692307687
71,13,3,2018,17.559,24.5,34.5,38.0,96.0,deficit,-330143323752.6498,1.0714285714285714,-0.0714285714285714
72,14,3,2018,15.4206,25.0,35.0,37.0,96.0,deficit,-388092406384.80396,1.0666666666666667,-0.06666666666666665
73,15,3,2018,16.6626,24.5,34.5,40.0,97.0,deficit,-266991751094.4546,1.0625,-0.0625
74,16,3,2018,17.4492,25.5,34.5,43.0,95.0,deficit,-385628984917.6859,1.0588235294117647,-0.05882352941176472
75,17,3,2018,18.7668,25.0,34.5,41.0,99.0,deficit,-452897848657.1671,1.0555555555555556,-0.05555555555555558
76,18,3,2018,16.7526,21.5,33.5,48.0,97.0,deficit,-172575338876.7881,1.0526315789473684,-0.05263157894736836
77,19,3,2018,15.318,23.5,34.5,40.0,97.0,deficit,-459964237626.8672,1.05,-0.050000000000000044
78,20,3,2018,12.897,24.0,33.5,42.0,98.0,deficit,-556804432091.5745,1.0476190476190477,-0.04761904761904767
79,21,3,2018,19.4994,25.0,31.5,58.0,97.0,deficit,-693890023517.5988,1.0454545454545454,-0.045454545454545414
80,22,3,2018,14.6898,23.5,35.0,39.0,93.0,deficit,-841399420688.253,1.0434782608695652,-0.04347826086956519
81,23,3,2018,19.8198,24.0,34.0,45.0,98.0,deficit,-1215318659046.3328,1.0416666666666667,-0.04166666666666674
82,24,3,2018,17.4312,22.0,31.5,44.0,96.0,deficit,-1367733657826.229,1.04,-0.040000000000000036
83,25,3,2018,18.3276,22.0,33.5,29.0,95.0,deficit,-1306193838575.8596,1.0384615384615385,-0.03846153846153855
84,26,3,2018,16.884,24.0,34.0,40.0,95.0,deficit,-1291045991319.6436,1.037037037037037,-0.03703703703703698
85,27,3,2018,13.0356,25.0,34.0,41.0,96.0,deficit,-1080823924231.6935,1.0357142857142858,-0.03571428571428581
86,28,3,2018,14.7294,25.0,34.0,52.0,97.0,deficit,-1074582221397.7903,1.0344827586206897,-0.034482758620689724
87,29,3,2018,19.5354,26.0,34.0,47.0,99.0,deficit,-1770182686669.6536,1.0333333333333334,-0.03333333333333344
88,30,3,2018,16.0686,21.0,32.5,45.0,99.0,deficit,-1983322785561.1008,1.032258064516129,-0.032258064516129004
89,31,3,2018,16.573114285714286,22.0,32.0,62.0,99.0,deficit,-1636056949260.725,1.03125,-0.03125
90,1,4,2018,16.274,21.0,32.0,87.0,99.0,surplus,177002381.00568,1.5,-0.5
91,2,4,2018,16.32456,25.5,32.5,60.0,99.0,deficit,-187982017.15585822,1.3333333333333333,-0.33333333333333326
92,3,4,2018,17.253600000000002,24.5,33.0,60.0,99.0,deficit,-19944393514.406628,1.25,-0.25
93,4,4,2018,16.4636,26.0,33.5,56.0,100.0,deficit,-27610871663.00189,1.2,-0.19999999999999996
94,5,4,2018,16.432000000000002,25.5,33.5,63.0,100.0,deficit,-43857725388.69545,1.1666666666666667,-0.16666666666666674
95,6,4,2018,17.7592,25.0,33.5,44.0,100.0,deficit,-29442621165.2117,1.1428571428571428,-0.1428571428571428
96,7,4,2018,16.305600000000002,22.0,32.5,59.0,100.0,deficit,-51242455936.07665,1.125,-0.125
97,8,4,2018,16.116,21.5,31.0,70.0,100.0,deficit,-65856847985.95877,1.1111111111111112,-0.11111111111111116
98,9,4,2018,16.9692,20.0,32.0,70.0,100.0,deficit,-76178109231.27322,1.1,-0.10000000000000009
99,10,4,2018,16.413040000000002,21.0,30.5,55.0,97.0,deficit,-160767246351.45053,1.0909090909090908,-0.09090909090909083
100,11,4,2018,18.1384,22.0,32.5,55.0,98.0,deficit,-193455637322.52835,1.0833333333333333,-0.08333333333333326
101,12,4,2018,16.5268,22.5,32.5,60.0,100.0,deficit,-236673540901.2492,1.0769230769230769,-0.07692307692307687
102,13,4,2018,17.9172,24.0,34.0,50.0,98.0,deficit,-330143323752.6498,1.0714285714285714,-0.0714285714285714
103,14,4,2018,16.35932,24.0,33.0,60.0,99.0,deficit,-388092406384.80396,1.0666666666666667,-0.06666666666666665
104,15,4,2018,16.417938,25.0,33.5,80.0,100.0,deficit,-266991751094.4546,1.0625,-0.0625
105,16,4,2018,16.906,25.5,32.5,55.0,100.0,deficit,-385628984917.6859,1.0588235294117647,-0.05882352941176472
106,17,4,2018,16.7796,24.0,33.0,47.0,100.0,deficit,-452897848657.1671,1.0555555555555556,-0.05555555555555558
107,18,4,2018,16.274,23.5,33.5,58.0,100.0,deficit,-172575338876.7881,1.0526315789473684,-0.05263157894736836
108,19,4,2018,16.6532,25.0,33.5,56.0,100.0,deficit,-459964237626.8672,1.05,-0.050000000000000044
109,20,4,2018,16.4636,23.5,32.5,74.0,100.0,deficit,-556804432091.5745,1.0476190476190477,-0.04761904761904767
110,21,4,2018,15.863199999999999,23.0,32.5,59.0,100.0,deficit,-693890023517.5988,1.0454545454545454,-0.045454545454545414
111,22,4,2018,16.299280000000003,24.0,31.0,75.0,100.0,deficit,-841399420688.253,1.0434782608695652,-0.04347826086956519
112,23,4,2018,16.343519999999998,24.0,32.0,55.0,100.0,deficit,-1215318659046.3328,1.0416666666666667,-0.04166666666666674
113,24,4,2018,16.413040000000002,24.0,33.5,65.0,100.0,deficit,-1367733657826.229,1.04,-0.040000000000000036
114,25,4,2018,17.546532,25.0,30.0,80.0,100.0,deficit,-1306193838575.8596,1.0384615384615385,-0.03846153846153855
115,26,4,2018,18.2648,22.0,33.0,56.0,100.0,deficit,-1291045991319.6436,1.037037037037037,-0.03703703703703698
116,27,4,2018,16.4173692,23.0,31.0,48.0,100.0,deficit,-1080823924231.6935,1.0357142857142858,-0.03571428571428581
117,28,4,2018,18.96,22.0,34.0,50.0,95.0,deficit,-1074582221397.7903,1.0344827586206897,-0.034482758620689724
118,29,4,2018,16.8744,24.0,33.5,52.0,96.0,deficit,-1770182686669.6536,1.0333333333333334,-0.03333333333333344
119,30,4,2018,16.26136,25.0,32.0,60.0,95.0,deficit,-1983322785561.1008,1.032258064516129,-0.032258064516129004
120,1,5,2018,17.0748,24.5,32.5,55.0,96.0,surplus,177002381.00568,1.5,-0.5
121,2,5,2018,15.0588,25.0,34.0,55.0,98.0,deficit,-187982017.15585822,1.3333333333333333,-0.33333333333333326
122,3,5,2018,15.399,21.0,30.5,54.0,96.0,deficit,-19944393514.406628,1.25,-0.25
123,4,5,2018,20.4156,21.0,32.0,57.0,65.0,deficit,-27610871663.00189,1.2,-0.19999999999999996
124,5,5,2018,11.4282,21.5,31.0,60.0,97.0,deficit,-43857725388.69545,1.1666666666666667,-0.16666666666666674
125,6,5,2018,16.3944,21.5,31.5,66.0,96.0,deficit,-29442621165.2117,1.1428571428571428,-0.1428571428571428
126,7,5,2018,15.6852,23.0,33.0,59.0,96.0,deficit,-51242455936.07665,1.125,-0.125
127,8,5,2018,15.922285714285715,21.0,28.5,72.0,96.0,deficit,-65856847985.95877,1.1111111111111112,-0.11111111111111116
128,9,5,2018,15.8058,20.5,31.5,64.0,97.0,deficit,-76178109231.27322,1.1,-0.10000000000000009
129,10,5,2018,15.864355102040818,23.2,30.0,63.0,98.0,deficit,-160767246351.45053,1.0909090909090908,-0.09090909090909083
130,11,5,2018,14.1984,22.0,30.0,71.0,97.0,deficit,-193455637322.52835,1.0833333333333333,-0.08333333333333326
131,12,5,2018,12.5262,22.5,30.5,50.0,97.0,deficit,-236673540901.2492,1.0769230769230769,-0.07692307692307687
132,13,5,2018,13.8348,22.5,30.5,57.0,96.0,deficit,-330143323752.6498,1.0714285714285714,-0.0714285714285714
133,14,5,2018,12.5154,24.0,31.0,62.0,99.0,deficit,-388092406384.80396,1.0666666666666667,-0.06666666666666665
134,15,5,2018,15.8076,21.0,31.2,60.0,97.0,deficit,-266991751094.4546,1.0625,-0.0625
135,16,5,2018,14.7186,23.5,32.0,62.0,97.0,deficit,-385628984917.6859,1.0588235294117647,-0.05882352941176472
136,17,5,2018,13.0086,22.0,28.5,72.0,97.0,deficit,-452897848657.1671,1.0555555555555556,-0.05555555555555558
137,18,5,2018,13.797,22.1,31.5,54.0,95.0,deficit,-172575338876.7881,1.0526315789473684,-0.05263157894736836
138,19,5,2018,22.0932,22.5,34.0,45.0,95.0,deficit,-459964237626.8672,1.05,-0.050000000000000044
139,20,5,2018,13.662,24.0,32.5,60.0,96.0,deficit,-556804432091.5745,1.0476190476190477,-0.04761904761904767
140,21,5,2018,14.3532,24.5,31.5,71.0,97.0,deficit,-693890023517.5988,1.0454545454545454,-0.045454545454545414
141,22,5,2018,15.102,21.0,33.0,55.0,98.0,deficit,-841399420688.253,1.0434782608695652,-0.04347826086956519
142,23,5,2018,19.6686,21.2,32.5,56.0,96.0,deficit,-1215318659046.3328,1.0416666666666667,-0.04166666666666674
143,24,5,2018,16.0704,21.5,33.0,52.0,97.0,deficit,-1367733657826.229,1.04,-0.040000000000000036
144,25,5,2018,14.0508,20.5,30.0,64.0,95.0,deficit,-1306193838575.8596,1.0384615384615385,-0.03846153846153855
145,26,5,2018,14.4288,21.0,30.5,62.0,97.0,deficit,-1291045991319.6436,1.037037037037037,-0.03703703703703698
146,27,5,2018,17.3448,23.0,32.0,55.0,95.0,deficit,-1080823924231.6935,1.0357142857142858,-0.03571428571428581
147,28,5,2018,17.4636,24.0,32.0,55.0,95.0,deficit,-1074582221397.7903,1.0344827586206897,-0.034482758620689724
148,29,5,2018,16.304142857142857,23.5,30.0,74.0,96.0,deficit,-1770182686669.6536,1.0333333333333334,-0.03333333333333344
149,30,5,2018,12.2256,24.0,29.5,71.0,96.0,deficit,-1983322785561.1008,1.032258064516129,-0.032258064516129004
150,31,5,2018,16.5294,22.5,32.0,57.0,96.0,deficit,-1636056949260.725,1.03125,-0.03125
151,1,6,2018,16.906,22.2,32.5,55.0,95.0,surplus,177002381.00568,1.5,-0.5
152,2,6,2018,17.9488,22.0,30.0,52.0,95.0,deficit,-187982017.15585822,1.3333333333333333,-0.33333333333333326
153,3,6,2018,15.515600000000001,22.0,32.0,50.0,97.0,deficit,-19944393514.406628,1.25,-0.25
154,4,6,2018,16.558400000000002,22.0,32.0,50.0,95.0,deficit,-27610871663.00189,1.2,-0.19999999999999996
155,5,6,2018,16.8744,24.0,33.5,48.0,95.0,deficit,-43857725388.69545,1.1666666666666667,-0.16666666666666674
156,6,6,2018,17.5696,23.5,28.0,73.0,97.0,deficit,-29442621165.2117,1.1428571428571428,-0.1428571428571428
157,7,6,2018,16.1476,22.0,33.0,45.0,96.0,deficit,-51242455936.07665,1.125,-0.125
158,8,6,2018,16.5268,21.0,33.5,60.0,97.0,deficit,-65856847985.95877,1.1111111111111112,-0.11111111111111116
159,9,6,2018,10.9968,21.5,30.1,64.0,96.0,deficit,-76178109231.27322,1.1,-0.10000000000000009
160,10,6,2018,13.0508,23.0,30.0,63.0,96.0,deficit,-160767246351.45053,1.0909090909090908,-0.09090909090909083
161,11,6,2018,16.8744,22.0,30.5,58.0,94.0,deficit,-193455637322.52835,1.0833333333333333,-0.08333333333333326
162,12,6,2018,17.6328,22.0,32.0,55.0,95.0,deficit,-236673540901.2492,1.0769230769230769,-0.07692307692307687
163,13,6,2018,12.9244,24.0,31.5,66.0,95.0,deficit,-330143323752.6498,1.0714285714285714,-0.0714285714285714
164,14,6,2018,15.357600000000001,24.0,31.5,64.0,100.0,deficit,-388092406384.80396,1.0666666666666667,-0.06666666666666665
165,15,6,2018,18.8336,24.0,31.5,63.0,96.0,deficit,-266991751094.4546,1.0625,-0.0625
166,16,6,2018,9.5748,23.5,33.5,74.0,98.0,deficit,-385628984917.6859,1.0588235294117647,-0.05882352941176472
167,17,6,2018,13.3352,23.0,30.1,55.0,96.0,deficit,-452897848657.1671,1.0555555555555556,-0.05555555555555558
168,18,6,2018,15.6736,23.0,29.5,75.0,100.0,deficit,-172575338876.7881,1.0526315789473684,-0.05263157894736836
169,19,6,2018,16.7796,22.2,29.5,65.0,97.0,deficit,-459964237626.8672,1.05,-0.050000000000000044
170,20,6,2018,9.6696,22.0,29.0,70.0,99.0,deficit,-556804432091.5745,1.0476190476190477,-0.04761904761904767
171,21,6,2018,13.745999999999999,21.5,29.0,68.0,97.0,deficit,-693890023517.5988,1.0454545454545454,-0.045454545454545414
172,22,6,2018,11.8184,21.5,29.5,65.0,98.0,deficit,-841399420688.253,1.0434782608695652,-0.04347826086956519
173,23,6,2018,12.324,22.5,24.6,67.42857142857143,98.0,deficit,-1215318659046.3328,1.0416666666666667,-0.04166666666666674
174,24,6,2018,10.5544,22.0,33.5,71.0,96.0,deficit,-1367733657826.229,1.04,-0.040000000000000036
175,25,6,2018,13.272000000000002,22.2,33.0,79.0,96.0,deficit,-1306193838575.8596,1.0384615384615385,-0.03846153846153855
176,26,6,2018,15.010000000000002,21.5,30.0,62.0,96.0,deficit,-1291045991319.6436,1.037037037037037,-0.03703703703703698
177,27,6,2018,15.1996,21.5,30.2,71.0,97.0,deficit,-1080823924231.6935,1.0357142857142858,-0.03571428571428581
178,28,6,2018,13.240400000000001,22.1,30.4,70.0,96.0,deficit,-1074582221397.7903,1.0344827586206897,-0.034482758620689724
179,29,6,2018,13.4616,23.0,29.5,71.0,96.0,deficit,-1770182686669.6536,1.0333333333333334,-0.03333333333333344
180,30,6,2018,12.8296,23.0,28.5,73.0,98.0,deficit,-1983322785561.1008,1.032258064516129,-0.032258064516129004
181,1,7,2018,14.567600000000002,23.0,28.5,67.0,98.0,surplus,177002381.00568,1.5,-0.5
182,2,7,2018,12.2924,24.5,27.5,78.0,97.0,deficit,-187982017.15585822,1.3333333333333333,-0.33333333333333326
183,3,7,2018,13.177200000000001,23.0,27.0,80.0,97.0,deficit,-19944393514.406628,1.25,-0.25
184,4,7,2018,13.0824,23.1,30.0,63.0,96.0,deficit,-27610871663.00189,1.2,-0.19999999999999996
185,5,7,2018,13.145600000000002,23.5,30.0,69.0,97.0,deficit,-43857725388.69545,1.1666666666666667,-0.16666666666666674
186,6,7,2018,17.222,22.0,31.5,60.0,95.0,deficit,-29442621165.2117,1.1428571428571428,-0.1428571428571428
187,7,7,2018,18.675600000000003,22.2,26.0,80.0,98.0,deficit,-51242455936.07665,1.125,-0.125
188,8,7,2018,18.0436,21.2,30.5,61.0,91.0,deficit,-65856847985.95877,1.1111111111111112,-0.11111111111111116
189,9,7,2018,16.5268,21.5,31.0,62.0,95.0,deficit,-76178109231.27322,1.1,-0.10000000000000009
190,10,7,2018,18.17,23.5,31.0,60.0,96.0,deficit,-160767246351.45053,1.0909090909090908,-0.09090909090909083
191,11,7,2018,17.380000000000003,23.0,30.5,59.0,96.0,deficit,-193455637322.52835,1.0833333333333333,-0.08333333333333326
192,12,7,2018,13.9988,23.2,31.0,62.0,97.0,deficit,-236673540901.2492,1.0769230769230769,-0.07692307692307687
193,13,7,2018,14.472800000000001,23.1,31.0,66.0,97.0,deficit,-330143323752.6498,1.0714285714285714,-0.0714285714285714
194,14,7,2018,14.883600000000001,22.5,29.5,70.0,96.0,deficit,-388092406384.80396,1.0666666666666667,-0.06666666666666665
195,15,7,2018,12.3872,24.0,29.5,70.0,97.0,deficit,-266991751094.4546,1.0625,-0.0625
196,16,7,2018,12.5136,22.5,28.5,74.0,97.0,deficit,-385628984917.6859,1.0588235294117647,-0.05882352941176472
197,17,7,2018,14.567600000000002,23.2,28.0,77.0,98.0,deficit,-452897848657.1671,1.0555555555555556,-0.05555555555555558
198,18,7,2018,12.703199999999999,23.0,29.5,73.0,97.0,deficit,-172575338876.7881,1.0526315789473684,-0.05263157894736836
199,19,7,2018,11.312800000000001,24.0,28.5,77.0,97.0,deficit,-459964237626.8672,1.05,-0.050000000000000044
200,20,7,2018,10.3332,23.5,29.0,75.0,95.0,deficit,-556804432091.5745,1.0476190476190477,-0.04761904761904767
201,21,7,2018,15.2944,23.5,26.0,73.71428571428571,98.0,deficit,-693890023517.5988,1.0454545454545454,-0.045454545454545414
202,22,7,2018,14.030400000000002,22.0,28.5,73.0,96.0,deficit,-841399420688.253,1.0434782608695652,-0.04347826086956519
203,23,7,2018,14.5044,22.1,29.0,71.0,97.0,deficit,-1215318659046.3328,1.0416666666666667,-0.04166666666666674
204,24,7,2018,10.3016,22.5,28.5,80.0,98.0,deficit,-1367733657826.229,1.04,-0.040000000000000036
205,25,7,2018,13.6196,23.5,28.0,79.0,98.0,deficit,-1306193838575.8596,1.0384615384615385,-0.03846153846153855
206,26,7,2018,11.1864,22.2,27.1,81.0,98.0,deficit,-1291045991319.6436,1.037037037037037,-0.03703703703703698
207,27,7,2018,10.6808,22.0,28.0,75.0,99.0,deficit,-1080823924231.6935,1.0357142857142858,-0.03571428571428581
208,28,7,2018,15.2628,22.0,29.5,70.0,98.0,deficit,-1074582221397.7903,1.0344827586206897,-0.034482758620689724
209,29,7,2018,13.114000000000003,22.5,29.5,90.0,97.0,deficit,-1770182686669.6536,1.0333333333333334,-0.03333333333333344
210,30,7,2018,16.4952,22.0,28.5,60.0,98.0,deficit,-1983322785561.1008,1.032258064516129,-0.032258064516129004
211,31,7,2018,13.904000000000002,21.5,27.5,63.0,98.0,deficit,-1636056949260.725,1.03125,-0.03125
212,1,8,2018,11.5972,21.5,27.0,77.0,98.0,surplus,177002381.00568,1.5,-0.5
213,2,8,2018,14.062000000000001,22.2,27.0,80.0,98.0,deficit,-187982017.15585822,1.3333333333333333,-0.33333333333333326
214,3,8,2018,12.3872,22.5,27.2,87.0,99.0,deficit,-19944393514.406628,1.25,-0.25
215,4,8,2018,15.894800000000002,22.2,28.5,64.0,96.0,deficit,-27610871663.00189,1.2,-0.19999999999999996
216,5,8,2018,18.012,21.5,29.5,68.0,98.0,deficit,-43857725388.69545,1.1666666666666667,-0.16666666666666674
217,6,8,2018,12.608400000000001,21.5,26.5,80.0,100.0,deficit,-29442621165.2117,1.1428571428571428,-0.1428571428571428
218,7,8,2018,9.985600000000002,21.5,27.0,74.0,97.0,deficit,-51242455936.07665,1.125,-0.125
219,8,8,2018,15.168,21.5,30.0,64.0,96.0,deficit,-65856847985.95877,1.1111111111111112,-0.11111111111111116
220,9,8,2018,14.0936,21.0,30.0,65.0,95.0,deficit,-76178109231.27322,1.1,-0.10000000000000009
221,10,8,2018,12.324,22.0,30.0,60.0,96.0,deficit,-160767246351.45053,1.0909090909090908,-0.09090909090909083
222,11,8,2018,10.4912,22.3,29.0,65.0,96.0,deficit,-193455637322.52835,1.0833333333333333,-0.08333333333333326
223,12,8,2018,13.8092,23.0,29.5,71.0,96.0,deficit,-236673540901.2492,1.0769230769230769,-0.07692307692307687
224,13,8,2018,13.9988,22.2,25.0,89.0,98.0,deficit,-330143323752.6498,1.0714285714285714,-0.0714285714285714
225,14,8,2018,11.660400000000001,22.1,28.0,73.0,96.0,deficit,-388092406384.80396,1.0666666666666667,-0.06666666666666665
226,15,8,2018,11.9764,22.0,29.0,64.0,96.0,deficit,-266991751094.4546,1.0625,-0.0625
227,16,8,2018,10.427999999999999,21.0,28.0,71.0,95.0,deficit,-385628984917.6859,1.0588235294117647,-0.05882352941176472
228,17,8,2018,15.452399999999999,22.1,28.5,74.0,96.0,deficit,-452897848657.1671,1.0555555555555556,-0.05555555555555558
229,18,8,2018,9.796000000000001,23.0,29.0,71.0,96.0,deficit,-172575338876.7881,1.0526315789473684,-0.05263157894736836
230,19,8,2018,14.378,23.5,29.0,72.0,96.0,deficit,-459964237626.8672,1.05,-0.050000000000000044
231,20,8,2018,14.22,23.0,24.5,73.0,98.0,deficit,-556804432091.5745,1.0476190476190477,-0.04761904761904767
232,21,8,2018,14.820400000000001,20.5,27.0,87.0,97.0,deficit,-693890023517.5988,1.0454545454545454,-0.045454545454545414
233,22,8,2018,15.736800000000002,22.0,27.5,85.0,97.0,deficit,-841399420688.253,1.0434782608695652,-0.04347826086956519
234,23,8,2018,11.534,23.0,28.0,80.0,97.0,deficit,-1215318659046.3328,1.0416666666666667,-0.04166666666666674
235,24,8,2018,13.777600000000001,22.0,26.0,89.0,97.0,deficit,-1367733657826.229,1.04,-0.040000000000000036
236,25,8,2018,11.3444,22.0,27.0,84.0,98.0,deficit,-1306193838575.8596,1.0384615384615385,-0.03846153846153855
237,26,8,2018,13.3352,22.5,29.5,72.0,96.0,deficit,-1291045991319.6436,1.037037037037037,-0.03703703703703698
238,27,8,2018,13.019200000000001,22.1,28.0,75.0,96.0,deficit,-1080823924231.6935,1.0357142857142858,-0.03571428571428581
239,28,8,2018,14.567600000000002,23.0,31.0,65.0,95.0,deficit,-1074582221397.7903,1.0344827586206897,-0.034482758620689724
240,29,8,2018,12.892800000000001,23.5,31.0,64.0,96.0,deficit,-1770182686669.6536,1.0333333333333334,-0.03333333333333344
241,30,8,2018,12.956,23.5,30.1,68.0,98.0,deficit,-1983322785561.1008,1.032258064516129,-0.032258064516129004
242,31,8,2018,11.218,23.0,27.2,82.0,98.0,deficit,-1636056949260.725,1.03125,-0.03125
243,1,9,2018,10.427999999999999,22.5,27.0,83.0,97.0,surplus,177002381.00568,1.5,-0.5
244,2,9,2018,12.5136,23.0,29.0,76.0,96.0,deficit,-187982017.15585822,1.3333333333333333,-0.33333333333333326
245,3,9,2018,12.892800000000001,24.0,30.0,61.0,96.0,deficit,-19944393514.406628,1.25,-0.25
246,4,9,2018,14.22,22.7,29.0,75.0,97.0,deficit,-27610871663.00189,1.2,-0.19999999999999996
247,5,9,2018,13.303600000000001,22.5,29.5,73.0,98.0,deficit,-43857725388.69545,1.1666666666666667,-0.16666666666666674
248,6,9,2018,10.6808,23.0,26.5,74.0,99.0,deficit,-29442621165.2117,1.1428571428571428,-0.1428571428571428
249,7,9,2018,13.240400000000001,22.5,26.0,74.85714285714286,98.0,deficit,-51242455936.07665,1.125,-0.125
250,8,9,2018,12.2292,21.5,28.0,80.0,98.0,deficit,-65856847985.95877,1.1111111111111112,-0.11111111111111116
251,9,9,2018,13.3352,22.2,27.5,83.0,98.0,deficit,-76178109231.27322,1.1,-0.10000000000000009
252,10,9,2018,12.3556,23.5,28.0,80.0,97.0,deficit,-160767246351.45053,1.0909090909090908,-0.09090909090909083
253,11,9,2018,12.987600000000002,22.2,28.5,63.0,96.0,deficit,-193455637322.52835,1.0833333333333333,-0.08333333333333326
254,12,9,2018,16.937600000000003,21.5,31.5,59.0,98.0,deficit,-236673540901.2492,1.0769230769230769,-0.07692307692307687
255,13,9,2018,16.7796,21.5,30.5,64.0,97.0,deficit,-330143323752.6498,1.0714285714285714,-0.0714285714285714
256,14,9,2018,17.4432,21.5,29.5,57.0,97.0,deficit,-388092406384.80396,1.0666666666666667,-0.06666666666666665
257,15,9,2018,17.8856,21.0,31.5,54.0,97.0,deficit,-266991751094.4546,1.0625,-0.0625
258,16,9,2018,16.305600000000002,24.0,31.5,60.0,97.0,deficit,-385628984917.6859,1.0588235294117647,-0.05882352941176472
259,17,9,2018,17.1588,24.0,32.0,62.0,96.0,deficit,-452897848657.1671,1.0555555555555556,-0.05555555555555558
260,18,9,2018,14.7888,23.5,27.0,70.0,98.0,deficit,-172575338876.7881,1.0526315789473684,-0.05263157894736836
261,19,9,2018,18.012,21.0,32.0,60.0,94.0,deficit,-459964237626.8672,1.05,-0.050000000000000044
262,20,9,2018,17.064000000000004,22.0,32.0,56.0,98.0,deficit,-556804432091.5745,1.0476190476190477,-0.04761904761904767
263,21,9,2018,17.064000000000004,21.5,31.0,66.0,99.0,deficit,-693890023517.5988,1.0454545454545454,-0.045454545454545414
264,22,9,2018,15.325999999999999,22.0,30.0,72.0,99.0,deficit,-841399420688.253,1.0434782608695652,-0.04347826086956519
265,23,9,2018,14.9152,22.0,27.5,84.0,98.0,deficit,-1215318659046.3328,1.0416666666666667,-0.04166666666666674
266,24,9,2018,17.1588,21.5,30.0,64.0,98.0,deficit,-1367733657826.229,1.04,-0.040000000000000036
267,25,9,2018,13.7144,21.5,29.0,79.0,98.0,deficit,-1306193838575.8596,1.0384615384615385,-0.03846153846153855
268,26,9,2018,14.883600000000001,22.0,29.5,63.0,97.0,deficit,-1291045991319.6436,1.037037037037037,-0.03703703703703698
269,27,9,2018,14.472800000000001,23.0,30.2,54.0,98.0,deficit,-1080823924231.6935,1.0357142857142858,-0.03571428571428581
270,28,9,2018,15.0732,23.0,30.5,68.0,96.0,deficit,-1074582221397.7903,1.0344827586206897,-0.034482758620689724
271,29,9,2018,16.4004,23.5,30.5,60.0,97.0,deficit,-1770182686669.6536,1.0333333333333334,-0.03333333333333344
272,30,9,2018,14.852000000000002,23.5,27.0,65.0,98.0,deficit,-1983322785561.1008,1.032258064516129,-0.032258064516129004
273,1,10,2018,12.492,21.0,29.5,65.0,97.0,surplus,177002381.00568,1.5,-0.5
274,2,10,2018,18.900000000000002,22.2,29.0,74.0,96.0,deficit,-187982017.15585822,1.3333333333333333,-0.33333333333333326
275,3,10,2018,19.872,22.5,31.5,63.0,97.0,deficit,-19944393514.406628,1.25,-0.25
276,4,10,2018,17.316,23.5,32.0,73.0,98.0,deficit,-27610871663.00189,1.2,-0.19999999999999996
277,5,10,2018,12.708,23.5,30.0,23.0,98.0,deficit,-43857725388.69545,1.1666666666666667,-0.16666666666666674
278,6,10,2018,16.668,23.0,30.5,65.0,97.0,deficit,-29442621165.2117,1.1428571428571428,-0.1428571428571428
279,7,10,2018,18.036,23.5,32.0,85.0,100.0,deficit,-51242455936.07665,1.125,-0.125
280,8,10,2018,21.708000000000002,21.0,32.0,66.0,97.0,deficit,-65856847985.95877,1.1111111111111112,-0.11111111111111116
281,9,10,2018,19.404,22.0,31.5,85.0,98.0,deficit,-76178109231.27322,1.1,-0.10000000000000009
282,10,10,2018,17.784000000000002,23.0,30.0,73.0,94.0,deficit,-160767246351.45053,1.0909090909090908,-0.09090909090909083
283,11,10,2018,19.584000000000003,24.0,31.0,63.0,94.0,deficit,-193455637322.52835,1.0833333333333333,-0.08333333333333326
284,12,10,2018,14.976,23.0,30.5,60.0,94.0,deficit,-236673540901.2492,1.0769230769230769,-0.07692307692307687
285,13,10,2018,17.28,22.2,30.0,65.0,94.0,deficit,-330143323752.6498,1.0714285714285714,-0.0714285714285714
286,14,10,2018,20.124,22.0,31.0,60.0,95.0,deficit,-388092406384.80396,1.0666666666666667,-0.06666666666666665
287,15,10,2018,19.62,22.5,31.5,55.0,95.0,deficit,-266991751094.4546,1.0625,-0.0625
288,16,10,2018,11.124,23.0,28.0,55.0,94.0,deficit,-385628984917.6859,1.0588235294117647,-0.05882352941176472
289,17,10,2018,20.508,20.5,33.0,51.0,92.0,deficit,-452897848657.1671,1.0555555555555556,-0.05555555555555558
290,18,10,2018,18.828000000000003,21.5,31.0,63.0,93.0,deficit,-172575338876.7881,1.0526315789473684,-0.05263157894736836
291,19,10,2018,19.908,22.0,31.5,47.0,93.0,deficit,-459964237626.8672,1.05,-0.050000000000000044
292,20,10,2018,18.612000000000002,23.2,31.5,49.0,93.0,deficit,-556804432091.5745,1.0476190476190477,-0.04761904761904767
293,21,10,2018,20.232,24.0,33.5,58.0,93.0,deficit,-693890023517.5988,1.0454545454545454,-0.045454545454545414
294,22,10,2018,18.900000000000002,24.5,31.0,70.0,94.0,deficit,-841399420688.253,1.0434782608695652,-0.04347826086956519
295,23,10,2018,17.28,22.2,31.0,68.0,75.0,deficit,-1215318659046.3328,1.0416666666666667,-0.04166666666666674
296,24,10,2018,15.768,2.15,30.0,70.0,94.0,deficit,-1367733657826.229,1.04,-0.040000000000000036
297,25,10,2018,18.468,23.5,31.0,59.0,94.0,deficit,-1306193838575.8596,1.0384615384615385,-0.03846153846153855
298,26,10,2018,20.52,23.5,32.5,50.0,95.0,deficit,-1291045991319.6436,1.037037037037037,-0.03703703703703698
299,27,10,2018,14.868,22.0,28.5,64.0,94.0,deficit,-1080823924231.6935,1.0357142857142858,-0.03571428571428581
300,28,10,2018,21.024,22.5,33.0,64.0,95.0,deficit,-1074582221397.7903,1.0344827586206897,-0.034482758620689724
301,29,10,2018,17.28,22.0,27.0,65.0,95.0,deficit,-1770182686669.6536,1.0333333333333334,-0.03333333333333344
302,30,10,2018,20.736,22.0,31.5,54.0,94.0,deficit,-1983322785561.1008,1.032258064516129,-0.032258064516129004
303,31,10,2018,22.068,22.0,32.0,54.0,93.0,deficit,-1636056949260.725,1.03125,-0.03125
304,1,11,2018,19.08,20.5,32.2,55.0,94.0,surplus,177002381.00568,1.5,-0.5
305,2,11,2018,19.404,24.0,32.0,54.0,93.0,deficit,-187982017.15585822,1.3333333333333333,-0.33333333333333326
306,3,11,2018,17.964000000000002,23.0,30.0,61.0,93.0,deficit,-19944393514.406628,1.25,-0.25
307,4,11,2018,19.008000000000003,21.5,31.0,60.0,97.0,deficit,-27610871663.00189,1.2,-0.19999999999999996
308,5,11,2018,18.468,22.5,31.0,58.0,93.0,deficit,-43857725388.69545,1.1666666666666667,-0.16666666666666674
309,6,11,2018,12.996,22.2,30.0,70.0,93.0,deficit,-29442621165.2117,1.1428571428571428,-0.1428571428571428
310,7,11,2018,18.072,22.5,30.5,58.0,97.0,deficit,-51242455936.07665,1.125,-0.125
311,8,11,2018,20.628000000000004,22.5,33.0,49.0,93.0,deficit,-65856847985.95877,1.1111111111111112,-0.11111111111111116
312,9,11,2018,19.656,22.5,30.5,60.0,94.0,deficit,-76178109231.27322,1.1,-0.10000000000000009
313,10,11,2018,18.36,22.5,31.5,50.0,93.0,deficit,-160767246351.45053,1.0909090909090908,-0.09090909090909083
314,11,11,2018,20.304,22.0,32.0,41.0,94.0,deficit,-193455637322.52835,1.0833333333333333,-0.08333333333333326
315,12,11,2018,19.62,23.0,33.0,30.0,95.0,deficit,-236673540901.2492,1.0769230769230769,-0.07692307692307687
316,13,11,2018,21.636,24.0,34.0,30.0,92.0,deficit,-330143323752.6498,1.0714285714285714,-0.0714285714285714
317,14,11,2018,17.28,23.5,34.0,35.0,92.0,deficit,-388092406384.80396,1.0666666666666667,-0.06666666666666665
318,15,11,2018,17.28,25.0,30.0,74.0,94.0,deficit,-266991751094.4546,1.0625,-0.0625
319,16,11,2018,20.232,25.0,32.0,38.0,94.0,deficit,-385628984917.6859,1.0588235294117647,-0.05882352941176472
320,17,11,2018,18.684,24.0,32.0,56.0,93.0,deficit,-452897848657.1671,1.0555555555555556,-0.05555555555555558
321,18,11,2018,19.728,25.0,32.5,43.0,94.0,deficit,-172575338876.7881,1.0526315789473684,-0.05263157894736836
322,19,11,2018,18.612000000000002,24.5,31.5,57.0,94.0,deficit,-459964237626.8672,1.05,-0.050000000000000044
323,20,11,2018,15.732000000000001,24.0,31.5,62.0,93.0,deficit,-556804432091.5745,1.0476190476190477,-0.04761904761904767
324,21,11,2018,19.62,24.0,32.5,47.0,93.0,deficit,-693890023517.5988,1.0454545454545454,-0.045454545454545414
325,22,11,2018,18.900000000000002,24.0,33.5,36.0,96.0,deficit,-841399420688.253,1.0434782608695652,-0.04347826086956519
326,23,11,2018,20.484,23.5,34.0,18.0,95.0,deficit,-1215318659046.3328,1.0416666666666667,-0.04166666666666674
327,24,11,2018,20.952,23.0,26.0,12.0,92.0,deficit,-1367733657826.229,1.04,-0.040000000000000036
328,25,11,2018,21.06,23.5,34.5,19.0,95.0,deficit,-1306193838575.8596,1.0384615384615385,-0.03846153846153855
329,26,11,2018,19.836,24.0,33.0,41.0,93.0,deficit,-1291045991319.6436,1.037037037037037,-0.03703703703703698
330,27,11,2018,16.524,24.0,32.0,50.0,95.0,deficit,-1080823924231.6935,1.0357142857142858,-0.03571428571428581
331,28,11,2018,19.548,24.0,33.5,32.0,94.0,deficit,-1074582221397.7903,1.0344827586206897,-0.034482758620689724
332,29,11,2018,21.240000000000002,24.0,34.0,25.0,92.0,deficit,-1770182686669.6536,1.0333333333333334,-0.03333333333333344
333,30,11,2018,17.28,24.0,34.0,24.0,92.0,deficit,-1983322785561.1008,1.032258064516129,-0.032258064516129004
334,1,12,2018,17.46,23.0,34.0,28.0,95.0,surplus,177002381.00568,1.5,-0.5
335,2,12,2018,19.044,23.0,34.0,18.0,95.0,deficit,-187982017.15585822,1.3333333333333333,-0.33333333333333326
336,3,12,2018,19.476000000000003,23.0,28.5,0.0,86.0,deficit,-19944393514.406628,1.25,-0.25
337,4,12,2018,17.676000000000002,21.5,25.8,40.0,95.0,deficit,-27610871663.00189,1.2,-0.19999999999999996
338,5,12,2018,19.224,21.5,34.5,0.0,89.0,deficit,-43857725388.69545,1.1666666666666667,-0.16666666666666674
339,6,12,2018,20.016,21.0,35.0,0.0,81.0,deficit,-29442621165.2117,1.1428571428571428,-0.1428571428571428
340,7,12,2018,18.540000000000003,18.0,37.0,8.0,93.0,deficit,-51242455936.07665,1.125,-0.125
341,8,12,2018,18.971999999999998,18.5,34.0,15.0,93.0,deficit,-65856847985.95877,1.1111111111111112,-0.11111111111111116
342,9,12,2018,17.784000000000002,20.0,31.0,10.0,93.0,deficit,-76178109231.27322,1.1,-0.10000000000000009
343,10,12,2018,18.791999999999998,21.0,33.5,23.0,93.0,deficit,-160767246351.45053,1.0909090909090908,-0.09090909090909083
344,11,12,2018,18.828000000000003,22.2,29.5,19.0,93.0,deficit,-193455637322.52835,1.0833333333333333,-0.08333333333333326
345,12,12,2018,18.503999999999998,20.0,34.5,21.0,92.0,deficit,-236673540901.2492,1.0769230769230769,-0.07692307692307687
346,13,12,2018,19.116,20.0,33.5,22.0,97.0,deficit,-330143323752.6498,1.0714285714285714,-0.0714285714285714
347,14,12,2018,19.656,20.0,35.5,49.0,93.0,deficit,-388092406384.80396,1.0666666666666667,-0.06666666666666665
348,15,12,2018,19.512,19.5,35.0,19.0,93.0,deficit,-266991751094.4546,1.0625,-0.0625
349,16,12,2018,17.28,21.0,35.0,28.0,93.0,deficit,-385628984917.6859,1.0588235294117647,-0.05882352941176472
350,17,12,2018,18.540000000000003,23.5,34.0,30.0,65.0,deficit,-452897848657.1671,1.0555555555555556,-0.05555555555555558
351,18,12,2018,19.368,23.0,35.0,0.0,88.0,deficit,-172575338876.7881,1.0526315789473684,-0.05263157894736836
352,19,12,2018,19.188000000000002,22.0,34.5,11.0,76.0,deficit,-459964237626.8672,1.05,-0.050000000000000044
353,20,12,2018,17.928,21.0,34.0,21.0,87.0,deficit,-556804432091.5745,1.0476190476190477,-0.04761904761904767
354,21,12,2018,19.188000000000002,19.5,34.5,2.0,80.0,deficit,-693890023517.5988,1.0454545454545454,-0.045454545454545414
355,22,12,2018,19.62,19.0,35.0,11.0,86.0,deficit,-841399420688.253,1.0434782608695652,-0.04347826086956519
356,23,12,2018,18.576,18.5,34.5,7.0,87.0,deficit,-1215318659046.3328,1.0416666666666667,-0.04166666666666674
357,24,12,2018,19.944,18.0,35.0,10.0,78.0,deficit,-1367733657826.229,1.04,-0.040000000000000036
358,25,12,2018,17.856,19.0,34.5,8.0,80.0,deficit,-1306193838575.8596,1.0384615384615385,-0.03846153846153855
359,26,12,2018,18.396,19.0,34.0,13.0,75.0,deficit,-1291045991319.6436,1.037037037037037,-0.03703703703703698
360,27,12,2018,18.648,20.0,34.5,12.0,87.0,deficit,-1080823924231.6935,1.0357142857142858,-0.03571428571428581
361,28,12,2018,18.0,20.0,35.0,13.0,93.0,deficit,-1074582221397.7903,1.0344827586206897,-0.034482758620689724
362,29,12,2018,19.332,20.0,35.0,12.0,100.0,deficit,-1770182686669.6536,1.0333333333333334,-0.03333333333333344
363,30,12,2018,18.864,20.0,35.0,6.0,92.0,deficit,-1983322785561.1008,1.032258064516129,-0.032258064516129004
364,31,12,2018,18.684,21.0,34.0,10.0,78.0,deficit,-1636056949260.725,1.03125,-0.03125
