,Day,Month,Year,SolRadiation (MJ/m²/day),TempMin (°C),TempMax (°C),RelHumMin (%),RelHumMax (%),net radiation name,net radiation,surplus,deficit
0,1,1,2019,16.8732,19.5,35.0,0.0,88,surplus,216175258.27455178,1.5,-0.5
1,2,1,2019,15.9894,19.5,35.2,7.0,87,deficit,-3728849883.7189317,1.3333333333333333,-0.33333333333333326
2,3,1,2019,15.8652,19.0,35.5,6.0,85,deficit,-16505014514.252804,1.25,-0.25
3,4,1,2019,16.3584,18.2,35.5,0.0,70,deficit,-27120379021.45275,1.2,-0.19999999999999996
4,5,1,2019,16.6194,19.5,36.0,2.0,78,deficit,-29849739061.074886,1.1666666666666667,-0.16666666666666674
5,6,1,2019,16.1766,20.0,35.2,10.0,91,deficit,-60471334836.45491,1.1428571428571428,-0.1428571428571428
6,7,1,2019,14.4504,19.0,34.5,6.0,82,deficit,-108275934868.58572,1.125,-0.125
7,8,1,2019,15.8562,20.0,35.1,4.0,54,deficit,-99770883038.9207,1.1111111111111112,-0.11111111111111116
8,9,1,2019,15.6834,20.0,35.5,7.0,86,deficit,-21631044289.2137,1.1,-0.10000000000000009
9,10,1,2019,13.7556,20.0,35.0,35.0,95,deficit,-106357813285.6286,1.0909090909090908,-0.09090909090909083
10,11,1,2019,13.7286,19.5,36.5,16.0,96,deficit,-153075049004.21783,1.0833333333333333,-0.08333333333333326
11,12,1,2019,15.39,22.0,36.5,7.0,94,surplus,30321104847.249855,1.0769230769230769,-0.07692307692307687
12,13,1,2019,13.9878,25.0,36.0,33.0,93,surplus,91651906602.1735,1.0714285714285714,-0.0714285714285714
13,14,1,2019,10.773,24.0,34.5,48.0,92,surplus,137655156298.859,1.0666666666666667,-0.06666666666666665
14,15,1,2019,13.2624,24.0,36.0,48.0,92,deficit,-189402220570.96762,1.0625,-0.0625
15,16,1,2019,14.8914,23.1,36.1,13.0,98,deficit,-185016103825.8655,1.0588235294117647,-0.05882352941176472
16,17,1,2019,15.0246,23.0,35.5,22.0,87,deficit,-240140528692.59372,1.0555555555555556,-0.05555555555555558
17,18,1,2019,14.1804,22.0,36.0,18.0,95,surplus,23157900019.54021,1.0526315789473684,-0.05263157894736836
18,19,1,2019,11.5074,24.0,34.5,37.0,93,surplus,94728562407.87973,1.05,-0.050000000000000044
19,20,1,2019,14.0526,25.0,36.0,34.0,96,deficit,-243957934364.77014,1.0476190476190477,-0.04761904761904767
20,21,1,2019,13.1868,24.0,36.0,20.0,91,deficit,-223723528653.08905,1.0454545454545454,-0.045454545454545414
21,22,1,2019,14.9778,22.0,36.5,26.0,93,deficit,-98055686350.41376,1.0434782608695652,-0.04347826086956519
22,23,1,2019,13.4874,23.5,36.5,28.0,95,surplus,433854558832.6304,1.0416666666666667,-0.04166666666666674
23,24,1,2019,13.773857142857143,25.3,30.0,64.0,97,deficit,-212976912046.1511,1.04,-0.040000000000000036
24,25,1,2019,16.155,22.0,35.5,30.0,95,deficit,-455850355159.22205,1.0384615384615385,-0.03846153846153855
25,26,1,2019,14.7402,21.5,36.0,22.0,96,deficit,-128583869183.26381,1.037037037037037,-0.03703703703703698
26,27,1,2019,12.7206,23.5,35.0,30.0,97,surplus,488762965198.9429,1.0357142857142858,-0.03571428571428581
27,28,1,2019,10.6902,24.0,34.0,53.0,95,surplus,62485260344.51976,1.0344827586206897,-0.034482758620689724
28,29,1,2019,11.8548,25.0,30.0,43.0,96,deficit,-216235939548.7979,1.0333333333333334,-0.03333333333333344
29,30,1,2019,12.1266,24.0,30.1,37.0,95,surplus,40608457454.12989,1.032258064516129,-0.032258064516129004
30,31,1,2019,14.6808,24.0,36.0,34.0,94,surplus,276384518732.5179,1.03125,-0.03125
31,1,2,2019,11.4768,24.0,36.0,39.0,95,surplus,216175258.27455178,1.5,-0.5
32,2,2,2019,10.827,23.5,29.5,47.0,95,deficit,-3728849883.7189317,1.3333333333333333,-0.33333333333333326
33,3,2,2019,12.8232,24.5,35.0,32.0,97,deficit,-16505014514.252804,1.25,-0.25
34,4,2,2019,14.1102,25.5,35.5,29.0,98,deficit,-27120379021.45275,1.2,-0.19999999999999996
35,5,2,2019,15.0048,24.0,36.5,20.0,96,deficit,-29849739061.074886,1.1666666666666667,-0.16666666666666674
36,6,2,2019,13.1148,25.0,36.5,22.0,97,deficit,-60471334836.45491,1.1428571428571428,-0.1428571428571428
37,7,2,2019,12.2148,24.5,36.0,35.0,93,deficit,-108275934868.58572,1.125,-0.125
38,8,2,2019,10.0278,25.0,35.5,32.0,97,deficit,-99770883038.9207,1.1111111111111112,-0.11111111111111116
39,9,2,2019,14.0274,22.0,35.0,35.0,95,deficit,-21631044289.2137,1.1,-0.10000000000000009
40,10,2,2019,15.1236,22.0,36.0,35.0,88,deficit,-106357813285.6286,1.0909090909090908,-0.09090909090909083
41,11,2,2019,13.4586,20.0,36.5,0.0,83,deficit,-153075049004.21783,1.0833333333333333,-0.08333333333333326
42,12,2,2019,12.6036,21.0,36.5,0.0,87,surplus,30321104847.249855,1.0769230769230769,-0.07692307692307687
43,13,2,2019,12.897,21.0,36.5,10.0,92,surplus,91651906602.1735,1.0714285714285714,-0.0714285714285714
44,14,2,2019,11.9412,22.0,36.0,25.0,94,surplus,137655156298.859,1.0666666666666667,-0.06666666666666665
45,15,2,2019,12.0708,23.5,36.0,0.0,68,deficit,-189402220570.96762,1.0625,-0.0625
46,16,2,2019,14.7726,20.0,36.5,0.0,91,deficit,-185016103825.8655,1.0588235294117647,-0.05882352941176472
47,17,2,2019,12.4056,22.5,33.5,21.0,88,deficit,-240140528692.59372,1.0555555555555556,-0.05555555555555558
48,18,2,2019,10.881,23.5,36.5,35.0,94,surplus,23157900019.54021,1.0526315789473684,-0.05263157894736836
49,19,2,2019,13.1832,26.0,37.0,24.0,95,surplus,94728562407.87973,1.05,-0.050000000000000044
50,20,2,2019,15.0462,25.0,37.0,26.0,96,deficit,-243957934364.77014,1.0476190476190477,-0.04761904761904767
51,21,2,2019,13.5018,24.0,38.0,32.0,96,deficit,-223723528653.08905,1.0454545454545454,-0.045454545454545414
52,22,2,2019,11.5794,24.0,37.0,48.0,94,deficit,-98055686350.41376,1.0434782608695652,-0.04347826086956519
53,23,2,2019,12.6918,26.0,36.0,33.0,94,surplus,433854558832.6304,1.0416666666666667,-0.04166666666666674
54,24,2,2019,13.8646,26.0,31.0,72.0,94,deficit,-212976912046.1511,1.04,-0.040000000000000036
55,25,2,2019,13.9446,25.5,35.0,48.0,94,deficit,-455850355159.22205,1.0384615384615385,-0.03846153846153855
56,26,2,2019,13.401657142857141,25.0,26.0,54.0,93,deficit,-128583869183.26381,1.037037037037037,-0.03703703703703698
57,27,2,2019,14.895,22.0,34.0,40.0,91,surplus,488762965198.9429,1.0357142857142858,-0.03571428571428581
58,28,2,2019,16.668,22.0,32.0,32.0,93,surplus,62485260344.51976,1.0344827586206897,-0.034482758620689724
59,1,3,2019,13.7916,23.0,34.0,28.0,89,surplus,216175258.27455178,1.5,-0.5
60,2,3,2019,19.3356,23.0,34.5,16.0,93,deficit,-3728849883.7189317,1.3333333333333333,-0.33333333333333326
61,3,3,2019,19.08,23.5,35.5,11.0,92,deficit,-16505014514.252804,1.25,-0.25
62,4,3,2019,18.027,24.0,35.0,29.0,98,deficit,-27120379021.45275,1.2,-0.19999999999999996
63,5,3,2019,15.831,24.0,37.0,50.0,95,deficit,-29849739061.074886,1.1666666666666667,-0.16666666666666674
64,6,3,2019,11.0952,23.0,37.0,41.0,97,deficit,-60471334836.45491,1.1428571428571428,-0.1428571428571428
65,7,3,2019,15.5826,24.5,32.5,41.0,94,deficit,-108275934868.58572,1.125,-0.125
66,8,3,2019,16.9164,23.0,35.0,47.0,94,deficit,-99770883038.9207,1.1111111111111112,-0.11111111111111116
67,9,3,2019,16.9488,23.0,30.0,35.0,94,deficit,-21631044289.2137,1.1,-0.10000000000000009
68,10,3,2019,12.4902,22.5,32.0,53.0,95,deficit,-106357813285.6286,1.0909090909090908,-0.09090909090909083
69,11,3,2019,18.8532,24.0,35.0,40.0,97,deficit,-153075049004.21783,1.0833333333333333,-0.08333333333333326
70,12,3,2019,15.4746,24.0,34.0,40.0,95,surplus,30321104847.249855,1.0769230769230769,-0.07692307692307687
71,13,3,2019,16.3728,26.0,35.0,40.0,95,surplus,91651906602.1735,1.0714285714285714,-0.0714285714285714
72,14,3,2019,13.9824,23.0,34.0,55.0,96,surplus,137655156298.859,1.0666666666666667,-0.06666666666666665
73,15,3,2019,15.3036,23.0,34.0,52.0,96,deficit,-189402220570.96762,1.0625,-0.0625
74,16,3,2019,11.8008,24.0,33.5,43.0,95,deficit,-185016103825.8655,1.0588235294117647,-0.05882352941176472
75,17,3,2019,16.974,23.0,33.5,56.0,96,deficit,-240140528692.59372,1.0555555555555556,-0.05555555555555558
76,18,3,2019,18.6174,23.0,32.5,40.0,96,surplus,23157900019.54021,1.0526315789473684,-0.05263157894736836
77,19,3,2019,16.2684,24.0,35.0,50.0,96,surplus,94728562407.87973,1.05,-0.050000000000000044
78,20,3,2019,13.995,25.0,34.0,52.0,96,deficit,-243957934364.77014,1.0476190476190477,-0.04761904761904767
79,21,3,2019,16.4412,25.0,34.5,46.0,98,deficit,-223723528653.08905,1.0454545454545454,-0.045454545454545414
80,22,3,2019,12.9096,24.5,30.5,59.0,96,deficit,-98055686350.41376,1.0434782608695652,-0.04347826086956519
81,23,3,2019,16.7292,22.0,33.5,44.0,96,surplus,433854558832.6304,1.0416666666666667,-0.04166666666666674
82,24,3,2019,14.2362,24.0,32.0,62.0,93,deficit,-212976912046.1511,1.04,-0.040000000000000036
83,25,3,2019,16.6788,24.5,33.0,55.0,86,deficit,-455850355159.22205,1.0384615384615385,-0.03846153846153855
84,26,3,2019,18.3114,24.0,34.0,40.0,95,deficit,-128583869183.26381,1.037037037037037,-0.03703703703703698
85,27,3,2019,16.3044,24.0,34.0,40.0,93,surplus,488762965198.9429,1.0357142857142858,-0.03571428571428581
86,28,3,2019,16.4502,25.0,35.0,40.0,92,surplus,62485260344.51976,1.0344827586206897,-0.034482758620689724
87,29,3,2019,13.626,25.0,34.0,52.0,93,deficit,-216235939548.7979,1.0333333333333334,-0.03333333333333344
88,30,3,2019,14.4954,25.5,34.0,48.0,95,surplus,40608457454.12989,1.032258064516129,-0.032258064516129004
89,31,3,2019,14.1804,25.5,33.0,53.0,96,surplus,276384518732.5179,1.03125,-0.03125
90,1,4,2019,18.297,24.0,35.0,41.0,93,surplus,216175258.27455178,1.5,-0.5
91,2,4,2019,14.337,24.0,36.0,40.0,94,deficit,-3728849883.7189317,1.3333333333333333,-0.33333333333333326
92,3,4,2019,15.0354,26.0,35.0,44.0,92,deficit,-16505014514.252804,1.25,-0.25
93,4,4,2019,15.0102,26.0,30.5,43.0,95,deficit,-27120379021.45275,1.2,-0.19999999999999996
94,5,4,2019,19.9206,22.5,33.5,52.0,92,deficit,-29849739061.074886,1.1666666666666667,-0.16666666666666674
95,6,4,2019,17.6706,23.0,34.5,50.0,94,deficit,-60471334836.45491,1.1428571428571428,-0.1428571428571428
96,7,4,2019,16.35017142857143,26.0,30.0,50.0,97,deficit,-108275934868.58572,1.125,-0.125
97,8,4,2019,15.2496,24.5,34.0,51.0,95,deficit,-99770883038.9207,1.1111111111111112,-0.11111111111111116
98,9,4,2019,17.2782,25.0,35.0,47.0,94,deficit,-21631044289.2137,1.1,-0.10000000000000009
99,10,4,2019,14.868,24.0,34.0,58.0,90,deficit,-106357813285.6286,1.0909090909090908,-0.09090909090909083
100,11,4,2019,16.62105306122449,24.0,29.0,67.0,96,deficit,-153075049004.21783,1.0833333333333333,-0.08333333333333326
101,12,4,2019,19.3356,24.0,34.5,48.0,94,surplus,30321104847.249855,1.0769230769230769,-0.07692307692307687
102,13,4,2019,15.552,22.0,31.0,56.0,96,surplus,91651906602.1735,1.0714285714285714,-0.0714285714285714
103,14,4,2019,16.464946355685132,23.0,29.0,56.0,95,surplus,137655156298.859,1.0666666666666667,-0.06666666666666665
104,15,4,2019,18.5796,23.0,33.0,51.0,94,deficit,-189402220570.96762,1.0625,-0.0625
105,16,4,2019,17.7336,23.0,33.0,46.0,94,deficit,-185016103825.8655,1.0588235294117647,-0.05882352941176472
106,17,4,2019,14.58,22.0,33.0,60.0,95,deficit,-240140528692.59372,1.0555555555555556,-0.05555555555555558
107,18,4,2019,15.327,23.0,34.0,20.0,96,surplus,23157900019.54021,1.0526315789473684,-0.05263157894736836
108,19,4,2019,16.0974,24.0,34.0,47.0,96,surplus,94728562407.87973,1.05,-0.050000000000000044
109,20,4,2019,16.569,25.0,33.0,60.0,95,deficit,-243957934364.77014,1.0476190476190477,-0.04761904761904767
110,21,4,2019,13.6458,24.0,32.0,70.0,95,deficit,-223723528653.08905,1.0454545454545454,-0.045454545454545414
111,22,4,2019,15.1848,25.0,33.0,58.0,96,deficit,-98055686350.41376,1.0434782608695652,-0.04347826086956519
112,23,4,2019,15.591085714285713,26.0,31.0,75.0,95,surplus,433854558832.6304,1.0416666666666667,-0.04166666666666674
113,24,4,2019,20.3364,23.0,33.0,54.0,94,deficit,-212976912046.1511,1.04,-0.040000000000000036
114,25,4,2019,16.632,23.0,34.0,60.0,94,deficit,-455850355159.22205,1.0384615384615385,-0.03846153846153855
115,26,4,2019,10.5894,24.285714285714285,32.0,58.0,97,deficit,-128583869183.26381,1.037037037037037,-0.03703703703703698
116,27,4,2019,16.0902,24.3265306122449,33.5,57.0,95,surplus,488762965198.9429,1.0357142857142858,-0.03571428571428581
117,28,4,2019,15.9642,24.230320699708454,33.5,55.0,96,surplus,62485260344.51976,1.0344827586206897,-0.034482758620689724
118,29,4,2019,15.9948,24.26322365680966,35.0,47.0,96,deficit,-216235939548.7979,1.0333333333333334,-0.03333333333333344
119,30,4,2019,14.6232,24.157969893496755,33.0,67.0,94,surplus,40608457454.12989,1.032258064516129,-0.032258064516129004
120,1,5,2019,16.92,25.5,33.0,53.0,94,surplus,216175258.27455178,1.5,-0.5
121,2,5,2019,20.544,24.0,32.5,57.0,92,deficit,-3728849883.7189317,1.3333333333333333,-0.33333333333333326
122,3,5,2019,19.728,23.5,34.0,52.0,95,deficit,-16505014514.252804,1.25,-0.25
123,4,5,2019,14.868,23.5,30.0,67.0,95,deficit,-27120379021.45275,1.2,-0.19999999999999996
124,5,5,2019,17.377457142857143,24.5,34.0,55.0,94,deficit,-29849739061.074886,1.1666666666666667,-0.16666666666666674
125,6,5,2019,18.756,24.5,34.0,55.0,94,deficit,-60471334836.45491,1.1428571428571428,-0.1428571428571428
126,7,5,2019,16.812,24.0,32.0,61.0,93,deficit,-108275934868.58572,1.125,-0.125
127,8,5,2019,20.124,23.0,33.0,53.0,96,deficit,-99770883038.9207,1.1111111111111112,-0.11111111111111116
128,9,5,2019,15.588000000000001,22.0,30.0,68.0,95,deficit,-21631044289.2137,1.1,-0.10000000000000009
129,10,5,2019,17.607636734693877,22.0,33.5,44.0,96,deficit,-106357813285.6286,1.0909090909090908,-0.09090909090909083
130,11,5,2019,12.744,22.0,34.5,60.0,94,deficit,-153075049004.21783,1.0833333333333333,-0.08333333333333326
131,12,5,2019,20.16,24.0,33.5,58.0,95,surplus,30321104847.249855,1.0769230769230769,-0.07692307692307687
132,13,5,2019,12.420000000000002,23.0,32.0,47.0,95,surplus,91651906602.1735,1.0714285714285714,-0.0714285714285714
133,14,5,2019,18.252000000000002,22.0,32.0,56.0,95,surplus,137655156298.859,1.0666666666666667,-0.06666666666666665
134,15,5,2019,17.568,23.0,31.5,56.0,97,deficit,-189402220570.96762,1.0625,-0.0625
135,16,5,2019,12.924,21.5,29.0,72.0,96,deficit,-185016103825.8655,1.0588235294117647,-0.05882352941176472
136,17,5,2019,15.336,23.0,32.0,55.0,98,deficit,-240140528692.59372,1.0555555555555556,-0.05555555555555558
137,18,5,2019,22.824,24.0,33.0,45.0,95,surplus,23157900019.54021,1.0526315789473684,-0.05263157894736836
138,19,5,2019,20.268,25.0,32.0,58.0,97,surplus,94728562407.87973,1.05,-0.050000000000000044
139,20,5,2019,17.08457142857143,24.5,30.0,66.0,95,deficit,-243957934364.77014,1.0476190476190477,-0.04761904761904767
140,21,5,2019,12.168,23.5,30.0,63.0,96,deficit,-223723528653.08905,1.0454545454545454,-0.045454545454545414
141,22,5,2019,16.776,23.5,30.5,60.0,96,deficit,-98055686350.41376,1.0434782608695652,-0.04347826086956519
142,23,5,2019,22.968,24.0,25.0,55.0,95,surplus,433854558832.6304,1.0416666666666667,-0.04166666666666674
143,24,5,2019,17.424,22.0,30.0,75.0,96,deficit,-212976912046.1511,1.04,-0.040000000000000036
144,25,5,2019,15.588000000000001,23.5,31.5,64.0,97,deficit,-455850355159.22205,1.0384615384615385,-0.03846153846153855
145,26,5,2019,17.1,25.0,32.5,59.0,100,deficit,-128583869183.26381,1.037037037037037,-0.03703703703703698
146,27,5,2019,21.148,21.5,32.0,58.0,99,surplus,488762965198.9429,1.0357142857142858,-0.03571428571428581
147,28,5,2019,21.348,22.0,32.5,55.0,97,surplus,62485260344.51976,1.0344827586206897,-0.034482758620689724
148,29,5,2019,19.193142857142853,23.0,26.0,76.0,96,deficit,-216235939548.7979,1.0333333333333334,-0.03333333333333344
149,30,5,2019,16.272,22.0,30.0,66.0,95,surplus,40608457454.12989,1.032258064516129,-0.032258064516129004
150,31,5,2019,15.336,23.0,30.5,63.0,98,surplus,276384518732.5179,1.03125,-0.03125
151,1,6,2019,12.924,23.0,29.0,68.0,97,surplus,216175258.27455178,1.5,-0.5
152,2,6,2019,17.90302040816326,23.5,30.0,72.0,97,deficit,-3728849883.7189317,1.3333333333333333,-0.33333333333333326
153,3,6,2019,17.46,23.5,30.5,69.0,97,deficit,-16505014514.252804,1.25,-0.25
154,4,6,2019,17.784000000000002,23.5,32.0,62.0,95,deficit,-27120379021.45275,1.2,-0.19999999999999996
155,5,6,2019,16.69602332361516,24.0,29.0,80.0,97,deficit,-29849739061.074886,1.1666666666666667,-0.16666666666666674
156,6,6,2019,12.564000000000002,23.0,29.5,63.0,100,deficit,-60471334836.45491,1.1428571428571428,-0.1428571428571428
157,7,6,2019,11.772,21.0,28.0,82.0,97,deficit,-108275934868.58572,1.125,-0.125
158,8,6,2019,16.092,21.5,29.5,73.0,97,deficit,-99770883038.9207,1.1111111111111112,-0.11111111111111116
159,9,6,2019,11.232000000000001,23.5,32.0,72.0,96,deficit,-21631044289.2137,1.1,-0.10000000000000009
160,10,6,2019,15.588000000000001,23.0,33.0,76.0,97,deficit,-106357813285.6286,1.0909090909090908,-0.09090909090909083
161,11,6,2019,19.404,22.5,32.0,65.0,88,deficit,-153075049004.21783,1.0833333333333333,-0.08333333333333326
162,12,6,2019,14.472,23.0,30.0,72.0,96,surplus,30321104847.249855,1.0769230769230769,-0.07692307692307687
163,13,6,2019,17.28,21.0,27.0,65.0,98,surplus,91651906602.1735,1.0714285714285714,-0.0714285714285714
164,14,6,2019,15.12,22.0,30.5,70.0,95,surplus,137655156298.859,1.0666666666666667,-0.06666666666666665
165,15,6,2019,11.952,22.5,31.0,76.0,96,deficit,-189402220570.96762,1.0625,-0.0625
166,16,6,2019,19.44,22.5,33.0,63.0,94,deficit,-185016103825.8655,1.0588235294117647,-0.05882352941176472
167,17,6,2019,16.092,22.0,34.0,61.0,98,deficit,-240140528692.59372,1.0555555555555556,-0.05555555555555558
168,18,6,2019,19.908,21.0,32.0,62.0,96,surplus,23157900019.54021,1.0526315789473684,-0.05263157894736836
169,19,6,2019,20.052000000000003,22.0,35.0,60.0,95,surplus,94728562407.87973,1.05,-0.050000000000000044
170,20,6,2019,17.12057142857143,23.46,28.35,83.0,96,deficit,-243957934364.77014,1.0476190476190477,-0.04761904761904767
171,21,6,2019,15.012,23.12,28.29,75.0,94,deficit,-223723528653.08905,1.0454545454545454,-0.045454545454545414
172,22,6,2019,16.632,23.09,28.88,82.0,96,deficit,-98055686350.41376,1.0434782608695652,-0.04347826086956519
173,23,6,2019,20.556,22.87,28.56,63.0,94,surplus,433854558832.6304,1.0416666666666667,-0.04166666666666674
174,24,6,2019,14.112,21.92,27.0,80.0,95,deficit,-212976912046.1511,1.04,-0.040000000000000036
175,25,6,2019,11.16,21.1,28.09,72.0,94,deficit,-455850355159.22205,1.0384615384615385,-0.03846153846153855
176,26,6,2019,15.588000000000001,22.1,28.2,65.0,95,deficit,-128583869183.26381,1.037037037037037,-0.03703703703703698
177,27,6,2019,18.144000000000002,21.92,28.63,56.0,98,surplus,488762965198.9429,1.0357142857142858,-0.03571428571428581
178,28,6,2019,15.886285714285716,22.49,27.38,87.0,100,surplus,62485260344.51976,1.0344827586206897,-0.034482758620689724
179,29,6,2019,15.840000000000002,21.87,28.92,75.0,98,deficit,-216235939548.7979,1.0333333333333334,-0.03333333333333344
180,30,6,2019,17.928,21.98,29.56,72.0,98,surplus,40608457454.12989,1.032258064516129,-0.032258064516129004
181,1,7,2019,15.588000000000001,23.0,29.29,72.0,96,surplus,216175258.27455178,1.5,-0.5
182,2,7,2019,17.244,22.78,29.23,69.0,95,deficit,-3728849883.7189317,1.3333333333333333,-0.33333333333333326
183,3,7,2019,18.288,22.88,29.61,65.0,94,deficit,-16505014514.252804,1.25,-0.25
184,4,7,2019,10.692,23.26,26.39,87.0,96,deficit,-27120379021.45275,1.2,-0.19999999999999996
185,5,7,2019,10.404,23.0,30.0,76.0,98,deficit,-29849739061.074886,1.1666666666666667,-0.16666666666666674
186,6,7,2019,12.312,22.5,29.5,86.0,97,deficit,-60471334836.45491,1.1428571428571428,-0.1428571428571428
187,7,7,2019,16.992,23.0,30.0,62.0,98,deficit,-108275934868.58572,1.125,-0.125
188,8,7,2019,12.204,23.5,29.0,70.0,97,deficit,-99770883038.9207,1.1111111111111112,-0.11111111111111116
189,9,7,2019,16.236,23.0,29.5,70.0,96,deficit,-21631044289.2137,1.1,-0.10000000000000009
190,10,7,2019,14.112,22.5,29.0,71.0,96,deficit,-106357813285.6286,1.0909090909090908,-0.09090909090909083
191,11,7,2019,13.278857142857143,22.0,28.5,83.0,98,deficit,-153075049004.21783,1.0833333333333333,-0.08333333333333326
192,12,7,2019,15.588000000000001,21.5,27.5,85.0,98,surplus,30321104847.249855,1.0769230769230769,-0.07692307692307687
193,13,7,2019,18.468,21.0,28.0,88.0,98,surplus,91651906602.1735,1.0714285714285714,-0.0714285714285714
194,14,7,2019,18.684,21.0,26.0,81.0,97,surplus,137655156298.859,1.0666666666666667,-0.06666666666666665
195,15,7,2019,16.740000000000002,21.0,28.0,73.0,98,deficit,-189402220570.96762,1.0625,-0.0625
196,16,7,2019,10.584,22.0,27.0,78.0,98,deficit,-185016103825.8655,1.0588235294117647,-0.05882352941176472
197,17,7,2019,21.924,22.0,31.5,55.0,97,deficit,-240140528692.59372,1.0555555555555556,-0.05555555555555558
198,18,7,2019,10.476,22.0,27.0,87.0,99,surplus,23157900019.54021,1.0526315789473684,-0.05263157894736836
199,19,7,2019,10.44,22.5,28.5,75.0,98,surplus,94728562407.87973,1.05,-0.050000000000000044
200,20,7,2019,15.515999999999998,21.0,29.0,70.0,99,deficit,-243957934364.77014,1.0476190476190477,-0.04761904761904767
201,21,7,2019,17.388,23.0,30.0,65.0,97,deficit,-223723528653.08905,1.0454545454545454,-0.045454545454545414
202,22,7,2019,17.208000000000002,23.5,30.0,69.0,97,deficit,-98055686350.41376,1.0434782608695652,-0.04347826086956519
203,23,7,2019,16.884,22.5,29.0,68.0,98,surplus,433854558832.6304,1.0416666666666667,-0.04166666666666674
204,24,7,2019,15.371999999999998,22.5,30.0,72.0,95,deficit,-212976912046.1511,1.04,-0.040000000000000036
205,25,7,2019,16.416,23.0,29.5,78.0,95,deficit,-455850355159.22205,1.0384615384615385,-0.03846153846153855
206,26,7,2019,13.176,22.5,28.0,73.0,94,deficit,-128583869183.26381,1.037037037037037,-0.03703703703703698
207,27,7,2019,14.652000000000001,22.5,29.0,74.0,96,surplus,488762965198.9429,1.0357142857142858,-0.03571428571428581
208,28,7,2019,15.588000000000001,23.5,26.5,86.0,96,surplus,62485260344.51976,1.0344827586206897,-0.034482758620689724
209,29,7,2019,14.436,22.5,30.0,67.0,94,deficit,-216235939548.7979,1.0333333333333334,-0.03333333333333344
210,30,7,2019,16.668,23.0,30.0,63.0,94,surplus,40608457454.12989,1.032258064516129,-0.032258064516129004
211,31,7,2019,16.308,24.0,30.0,64.0,94,surplus,276384518732.5179,1.03125,-0.03125
212,1,8,2019,15.264000000000001,23.0,29.0,66.0,95,surplus,216175258.27455178,1.5,-0.5
213,2,8,2019,13.788,23.0,30.0,63.0,95,deficit,-3728849883.7189317,1.3333333333333333,-0.33333333333333326
214,3,8,2019,11.735999999999999,22.0,27.0,76.0,95,deficit,-16505014514.252804,1.25,-0.25
215,4,8,2019,14.508000000000001,23.0,28.5,71.0,95,deficit,-27120379021.45275,1.2,-0.19999999999999996
216,5,8,2019,14.112,22.0,28.5,62.0,94,deficit,-29849739061.074886,1.1666666666666667,-0.16666666666666674
217,6,8,2019,14.436,22.0,28.5,71.0,94,deficit,-60471334836.45491,1.1428571428571428,-0.1428571428571428
218,7,8,2019,14.292000000000002,22.5,29.5,68.0,95,deficit,-108275934868.58572,1.125,-0.125
219,8,8,2019,14.019428571428572,22.5,26.0,90.0,97,deficit,-99770883038.9207,1.1111111111111112,-0.11111111111111116
220,9,8,2019,10.692,21.5,26.0,84.0,97,deficit,-21631044289.2137,1.1,-0.10000000000000009
221,10,8,2019,18.324,21.5,30.0,63.0,95,deficit,-106357813285.6286,1.0909090909090908,-0.09090909090909083
222,11,8,2019,17.82,22.5,30.1,60.0,94,deficit,-153075049004.21783,1.0833333333333333,-0.08333333333333326
223,12,8,2019,14.328,21.0,28.5,68.0,95,surplus,30321104847.249855,1.0769230769230769,-0.07692307692307687
224,13,8,2019,15.588000000000001,23.0,28.5,75.0,96,surplus,91651906602.1735,1.0714285714285714,-0.0714285714285714
225,14,8,2019,12.204,22.5,29.5,65.0,96,surplus,137655156298.859,1.0666666666666667,-0.06666666666666665
226,15,8,2019,15.732000000000001,22.0,29.0,64.0,95,deficit,-189402220570.96762,1.0625,-0.0625
227,16,8,2019,10.98,22.0,29.0,67.0,95,deficit,-185016103825.8655,1.0588235294117647,-0.05882352941176472
228,17,8,2019,15.264000000000001,22.1,30.0,63.0,95,deficit,-240140528692.59372,1.0555555555555556,-0.05555555555555558
229,18,8,2019,15.659999999999998,23.0,30.0,60.0,94,surplus,23157900019.54021,1.0526315789473684,-0.05263157894736836
230,19,8,2019,13.248000000000001,22.5,29.5,65.0,95,surplus,94728562407.87973,1.05,-0.050000000000000044
231,20,8,2019,14.940000000000001,23.0,29.0,77.0,97,deficit,-243957934364.77014,1.0476190476190477,-0.04761904761904767
232,21,8,2019,16.452,23.0,30.0,72.0,95,deficit,-223723528653.08905,1.0454545454545454,-0.045454545454545414
233,22,8,2019,14.328,22.5,30.5,63.0,97,deficit,-98055686350.41376,1.0434782608695652,-0.04347826086956519
234,23,8,2019,14.410285714285715,21.5,26.0,86.0,97,surplus,433854558832.6304,1.0416666666666667,-0.04166666666666674
235,24,8,2019,14.256,22.0,28.0,75.0,96,deficit,-212976912046.1511,1.04,-0.040000000000000036
236,25,8,2019,14.472,22.5,28.0,70.0,96,deficit,-455850355159.22205,1.0384615384615385,-0.03846153846153855
237,26,8,2019,15.264000000000001,22.5,28.0,77.0,97,deficit,-128583869183.26381,1.037037037037037,-0.03703703703703698
238,27,8,2019,15.840000000000002,22.5,30.0,65.0,96,surplus,488762965198.9429,1.0357142857142858,-0.03571428571428581
239,28,8,2019,13.176,23.0,29.0,64.0,94,surplus,62485260344.51976,1.0344827586206897,-0.034482758620689724
240,29,8,2019,15.588000000000001,23.0,29.5,55.0,97,deficit,-216235939548.7979,1.0333333333333334,-0.03333333333333344
241,30,8,2019,18.215999999999998,21.5,30.5,68.0,94,surplus,40608457454.12989,1.032258064516129,-0.032258064516129004
242,31,8,2019,18.288,21.5,30.0,63.0,95,surplus,276384518732.5179,1.03125,-0.03125
243,1,9,2019,15.834857142857143,21.0,27.0,74.0,94,surplus,216175258.27455178,1.5,-0.5
244,2,9,2019,15.659999999999998,21.2,27.0,80.0,96,deficit,-3728849883.7189317,1.3333333333333333,-0.33333333333333326
245,3,9,2019,15.084000000000001,22.5,28.5,68.0,94,deficit,-16505014514.252804,1.25,-0.25
246,4,9,2019,12.06,22.5,30.0,71.0,94,deficit,-27120379021.45275,1.2,-0.19999999999999996
247,5,9,2019,13.824,23.0,29.5,71.0,94,deficit,-29849739061.074886,1.1666666666666667,-0.16666666666666674
248,6,9,2019,14.58,23.0,25.5,87.0,95,deficit,-60471334836.45491,1.1428571428571428,-0.1428571428571428
249,7,9,2019,15.552000000000001,21.5,29.0,70.0,94,deficit,-108275934868.58572,1.125,-0.125
250,8,9,2019,14.472,22.5,30.0,63.0,93,deficit,-99770883038.9207,1.1111111111111112,-0.11111111111111116
251,9,9,2019,15.659999999999998,22.5,28.5,28.5,69,deficit,-21631044289.2137,1.1,-0.10000000000000009
252,10,9,2019,10.512,23.0,27.0,79.0,96,deficit,-106357813285.6286,1.0909090909090908,-0.09090909090909083
253,11,9,2019,15.588000000000001,22.5,26.5,85.0,96,deficit,-153075049004.21783,1.0833333333333333,-0.08333333333333326
254,12,9,2019,12.204,22.5,28.0,74.0,94,surplus,30321104847.249855,1.0769230769230769,-0.07692307692307687
255,13,9,2019,18.324,22.5,30.0,64.0,95,surplus,91651906602.1735,1.0714285714285714,-0.0714285714285714
256,14,9,2019,15.588000000000001,22.0,27.0,70.0,95,surplus,137655156298.859,1.0666666666666667,-0.06666666666666665
257,15,9,2019,17.388,21.5,30.0,68.0,94,deficit,-189402220570.96762,1.0625,-0.0625
258,16,9,2019,17.352,22.0,29.5,70.0,92,deficit,-185016103825.8655,1.0588235294117647,-0.05882352941176472
259,17,9,2019,16.56,23.5,30.0,62.0,93,deficit,-240140528692.59372,1.0555555555555556,-0.05555555555555558
260,18,9,2019,15.588000000000001,23.0,30.5,66.0,95,surplus,23157900019.54021,1.0526315789473684,-0.05263157894736836
261,19,9,2019,10.728,22.5,27.5,77.0,95,surplus,94728562407.87973,1.05,-0.050000000000000044
262,20,9,2019,16.38,22.5,29.5,63.0,96,deficit,-243957934364.77014,1.0476190476190477,-0.04761904761904767
263,21,9,2019,17.568,23.0,31.0,65.0,96,deficit,-223723528653.08905,1.0454545454545454,-0.045454545454545414
264,22,9,2019,15.588000000000001,21.5,30.0,66.0,95,deficit,-98055686350.41376,1.0434782608695652,-0.04347826086956519
265,23,9,2019,20.088,21.5,29.6142857142857,65.0,96,surplus,433854558832.6304,1.0416666666666667,-0.04166666666666674
266,24,9,2019,18.468,21.5,29.7448979591837,54.0,99,deficit,-212976912046.1511,1.04,-0.040000000000000036
267,25,9,2019,17.244,22.0,30.5,66.0,95,deficit,-455850355159.22205,1.0384615384615385,-0.03846153846153855
268,26,9,2019,18.108,23.6,30.0,69.0,96,deficit,-128583869183.26381,1.037037037037037,-0.03703703703703698
269,27,9,2019,16.344,22.0,29.0,66.0,95,surplus,488762965198.9429,1.0357142857142858,-0.03571428571428581
270,28,9,2019,14.724,22.5,28.5,60.0,95,surplus,62485260344.51976,1.0344827586206897,-0.034482758620689724
271,29,9,2019,19.116,23.0,29.0,64.0,95,deficit,-216235939548.7979,1.0333333333333334,-0.03333333333333344
272,30,9,2019,15.588000000000001,21.0,31.0,79.0,98,surplus,40608457454.12989,1.032258064516129,-0.032258064516129004
273,1,10,2019,17.08457142857143,20.0,27.0,86.0,97,surplus,216175258.27455178,1.5,-0.5
274,2,10,2019,15.588000000000001,22.5,30.0,71.0,97,deficit,-3728849883.7189317,1.3333333333333333,-0.33333333333333326
275,3,10,2019,18.215999999999998,20.5,29.0,68.0,97,deficit,-16505014514.252804,1.25,-0.25
276,4,10,2019,16.665795918367344,21.5,27.5,82.0,98,deficit,-27120379021.45275,1.2,-0.19999999999999996
277,5,10,2019,15.588000000000001,22.0,27.0,80.0,98,deficit,-29849739061.074886,1.1666666666666667,-0.16666666666666674
278,6,10,2019,20.304,22.0,31.5,60.0,97,deficit,-60471334836.45491,1.1428571428571428,-0.1428571428571428
279,7,10,2019,15.588000000000001,21.5,30.0,64.0,98,deficit,-108275934868.58572,1.125,-0.125
280,8,10,2019,17.00490962099125,23.5,27.0,86.0,94,deficit,-99770883038.9207,1.1111111111111112,-0.11111111111111116
281,9,10,2019,17.64,22.0,26.5,80.0,93,deficit,-21631044289.2137,1.1,-0.10000000000000009
282,10,10,2019,15.588000000000001,22.5,29.5,73.0,92,deficit,-106357813285.6286,1.0909090909090908,-0.09090909090909083
283,11,10,2019,15.588000000000001,23.5,27.0,78.0,93,deficit,-153075049004.21783,1.0833333333333333,-0.08333333333333326
284,12,10,2019,19.44,23.0,27.0,78.0,94,surplus,30321104847.249855,1.0769230769230769,-0.07692307692307687
285,13,10,2019,15.588000000000001,22.0,30.0,60.0,90,surplus,91651906602.1735,1.0714285714285714,-0.0714285714285714
286,14,10,2019,18.215999999999998,21.5,32.0,37.0,90,surplus,137655156298.859,1.0666666666666667,-0.06666666666666665
287,15,10,2019,15.588000000000001,21.5,29.0,36.0,91,deficit,-189402220570.96762,1.0625,-0.0625
288,16,10,2019,15.588000000000001,22.5,30.5,63.0,93,deficit,-185016103825.8655,1.0588235294117647,-0.05882352941176472
289,17,10,2019,18.36,21.5,31.0,55.0,92,deficit,-240140528692.59372,1.0555555555555556,-0.05555555555555558
290,18,10,2019,15.588000000000001,21.5,29.5,54.0,91,surplus,23157900019.54021,1.0526315789473684,-0.05263157894736836
291,19,10,2019,16.909714285714283,22.0,28.5,68.0,92,surplus,94728562407.87973,1.05,-0.050000000000000044
292,20,10,2019,15.588000000000001,23.5,27.0,68.0,92,deficit,-243957934364.77014,1.0476190476190477,-0.04761904761904767
293,21,10,2019,21.348,21.5,31.0,53.0,91,deficit,-223723528653.08905,1.0454545454545454,-0.045454545454545414
294,22,10,2019,19.836,22.0,31.0,50.0,92,deficit,-98055686350.41376,1.0434782608695652,-0.04347826086956519
295,23,10,2019,17.82,23.0,30.0,60.0,93,surplus,433854558832.6304,1.0416666666666667,-0.04166666666666674
296,24,10,2019,15.732000000000001,23.0,29.5,55.0,94,deficit,-212976912046.1511,1.04,-0.040000000000000036
297,25,10,2019,17.136,21.0,30.5,57.0,93,deficit,-455850355159.22205,1.0384615384615385,-0.03846153846153855
298,26,10,2019,15.192,22.0,30.6,57.0,92,deficit,-128583869183.26381,1.037037037037037,-0.03703703703703698
299,27,10,2019,15.588000000000001,22.5,30.0,60.0,92,surplus,488762965198.9429,1.0357142857142858,-0.03571428571428581
300,28,10,2019,12.888,21.5,27.5,75.0,92,surplus,62485260344.51976,1.0344827586206897,-0.034482758620689724
301,29,10,2019,15.732000000000001,21.0,28.0,73.0,93,deficit,-216235939548.7979,1.0333333333333334,-0.03333333333333344
302,30,10,2019,18.720000000000002,22.5,30.0,62.0,93,surplus,40608457454.12989,1.032258064516129,-0.032258064516129004
303,31,10,2019,18.900000000000002,23.0,31.5,56.0,93,surplus,276384518732.5179,1.03125,-0.03125
304,1,11,2019,17.82,23.0,32.0,45.0,92,surplus,216175258.27455178,1.5,-0.5
305,2,11,2019,14.724,22.5,29.5,71.0,95,deficit,-3728849883.7189317,1.3333333333333333,-0.33333333333333326
306,3,11,2019,15.012,22.5,31.5,56.0,94,deficit,-16505014514.252804,1.25,-0.25
307,4,11,2019,21.384,22.0,33.0,46.0,95,deficit,-27120379021.45275,1.2,-0.19999999999999996
308,5,11,2019,19.8,24.0,31.5,58.0,93,deficit,-29849739061.074886,1.1666666666666667,-0.16666666666666674
309,6,11,2019,16.776,22.5,31.0,59.0,93,deficit,-60471334836.45491,1.1428571428571428,-0.1428571428571428
310,7,11,2019,16.02,22.5,32.0,55.0,93,deficit,-108275934868.58572,1.125,-0.125
311,8,11,2019,19.152,24.5,32.0,42.0,93,deficit,-99770883038.9207,1.1111111111111112,-0.11111111111111116
312,9,11,2019,20.052000000000003,24.0,32.5,42.0,93,deficit,-21631044289.2137,1.1,-0.10000000000000009
313,10,11,2019,12.096,24.0,30.0,72.0,94,deficit,-106357813285.6286,1.0909090909090908,-0.09090909090909083
314,11,11,2019,14.148000000000001,23.0,30.0,73.0,95,deficit,-153075049004.21783,1.0833333333333333,-0.08333333333333326
315,12,11,2019,19.548,23.5,31.5,56.0,93,surplus,30321104847.249855,1.0769230769230769,-0.07692307692307687
316,13,11,2019,19.296000000000003,21.5,31.5,46.0,93,surplus,91651906602.1735,1.0714285714285714,-0.0714285714285714
317,14,11,2019,13.5,22.5,32.0,43.0,90,surplus,137655156298.859,1.0666666666666667,-0.06666666666666665
318,15,11,2019,20.124,22.5,33.5,37.0,92,deficit,-189402220570.96762,1.0625,-0.0625
319,16,11,2019,20.916,24.0,34.0,32.0,94,deficit,-185016103825.8655,1.0588235294117647,-0.05882352941176472
320,17,11,2019,17.82,24.0,34.0,32.0,94,deficit,-240140528692.59372,1.0555555555555556,-0.05555555555555558
321,18,11,2019,20.448,25.0,32.5,39.0,94,surplus,23157900019.54021,1.0526315789473684,-0.05263157894736836
322,19,11,2019,19.692,24.5,33.0,51.0,94,surplus,94728562407.87973,1.05,-0.050000000000000044
323,20,11,2019,18.576,24.0,32.5,54.0,94,deficit,-243957934364.77014,1.0476190476190477,-0.04761904761904767
324,21,11,2019,13.824,24.0,31.0,67.0,95,deficit,-223723528653.08905,1.0454545454545454,-0.045454545454545414
325,22,11,2019,20.736,21.0,32.0,55.0,94,deficit,-98055686350.41376,1.0434782608695652,-0.04347826086956519
326,23,11,2019,20.772,21.0,31.5,52.0,95,surplus,433854558832.6304,1.0416666666666667,-0.04166666666666674
327,24,11,2019,18.252000000000002,25.0,33.5,37.0,94,deficit,-212976912046.1511,1.04,-0.040000000000000036
328,25,11,2019,19.656,25.0,33.5,36.0,90,deficit,-455850355159.22205,1.0384615384615385,-0.03846153846153855
329,26,11,2019,19.62,25.0,33.5,52.0,93,deficit,-128583869183.26381,1.037037037037037,-0.03703703703703698
330,27,11,2019,19.908,23.5,33.5,30.0,88,surplus,488762965198.9429,1.0357142857142858,-0.03571428571428581
331,28,11,2019,19.98,22.0,33.5,31.0,92,surplus,62485260344.51976,1.0344827586206897,-0.034482758620689724
332,29,11,2019,17.82,23.0,33.5,30.0,91,deficit,-216235939548.7979,1.0333333333333334,-0.03333333333333344
333,30,11,2019,17.82,23.5,34.0,12.0,92,surplus,40608457454.12989,1.032258064516129,-0.032258064516129004
334,1,12,2019,16.56,24.0,32.0,39.1,93,surplus,216175258.27455178,1.5,-0.5
335,2,12,2019,17.244,23.0,32.0,37.8,92,deficit,-3728849883.7189317,1.3333333333333333,-0.33333333333333326
336,3,12,2019,14.832,24.1,33.0,62.3,92,deficit,-16505014514.252804,1.25,-0.25
337,4,12,2019,18.468,24.2,35.0,49.4,92,deficit,-27120379021.45275,1.2,-0.19999999999999996
338,5,12,2019,18.971999999999998,24.5,33.0,49.9,93,deficit,-29849739061.074886,1.1666666666666667,-0.16666666666666674
339,6,12,2019,16.2,24.5,33.0,41.099999999999994,94,deficit,-60471334836.45491,1.1428571428571428,-0.1428571428571428
340,7,12,2019,18.791999999999998,24.0,33.0,34.8,94,deficit,-108275934868.58572,1.125,-0.125
341,8,12,2019,18.576,24.0,33.0,38.1,91,deficit,-99770883038.9207,1.1111111111111112,-0.11111111111111116
342,9,12,2019,18.252000000000002,24.0,33.0,35.6,92,deficit,-21631044289.2137,1.1,-0.10000000000000009
343,10,12,2019,19.044,24.5,34.0,53.5,91,deficit,-106357813285.6286,1.0909090909090908,-0.09090909090909083
344,11,12,2019,18.648,24.0,34.5,52.0,93,deficit,-153075049004.21783,1.0833333333333333,-0.08333333333333326
345,12,12,2019,17.568,23.0,32.5,31.0,91,surplus,30321104847.249855,1.0769230769230769,-0.07692307692307687
346,13,12,2019,15.947999999999999,22.5,32.0,28.000000000000004,92,surplus,91651906602.1735,1.0714285714285714,-0.0714285714285714
347,14,12,2019,18.036,21.0,32.5,25.0,92,surplus,137655156298.859,1.0666666666666667,-0.06666666666666665
348,15,12,2019,18.684,21.5,32.0,27.0,92,deficit,-189402220570.96762,1.0625,-0.0625
349,16,12,2019,19.188000000000002,21.0,33.5,20.0,95,deficit,-185016103825.8655,1.0588235294117647,-0.05882352941176472
350,17,12,2019,18.36,20.0,33.0,20.0,95,deficit,-240140528692.59372,1.0555555555555556,-0.05555555555555558
351,18,12,2019,18.756,22.5,33.0,27.0,95,surplus,23157900019.54021,1.0526315789473684,-0.05263157894736836
352,19,12,2019,18.077142857142857,22.5,34.5,31.0,95,surplus,94728562407.87973,1.05,-0.050000000000000044
353,20,12,2019,19.44,23.0,35.0,34.0,96,deficit,-243957934364.77014,1.0476190476190477,-0.04761904761904767
354,21,12,2019,17.784000000000002,23.0,34.0,39.0,88,deficit,-223723528653.08905,1.0454545454545454,-0.045454545454545414
355,22,12,2019,19.8,21.0,35.0,23.0,70,deficit,-98055686350.41376,1.0434782608695652,-0.04347826086956519
356,23,12,2019,20.376,17.0,35.0,18.0,90,surplus,433854558832.6304,1.0416666666666667,-0.04166666666666674
357,24,12,2019,20.340000000000003,22.0,35.5,18.0,96,deficit,-212976912046.1511,1.04,-0.040000000000000036
358,25,12,2019,19.764000000000003,17.5,35.0,17.0,92,deficit,-455850355159.22205,1.0384615384615385,-0.03846153846153855
359,26,12,2019,19.872,18.0,34.5,17.0,93,deficit,-128583869183.26381,1.037037037037037,-0.03703703703703698
360,27,12,2019,19.872,18.0,34.5,21.0,84,surplus,488762965198.9429,1.0357142857142858,-0.03571428571428581
361,28,12,2019,18.396,18.0,34.9,17.0,74,surplus,62485260344.51976,1.0344827586206897,-0.034482758620689724
362,29,12,2019,20.304,19.0,36.0,20.0,78,deficit,-216235939548.7979,1.0333333333333334,-0.03333333333333344
363,30,12,2019,20.376,15.5,36.0,19.0,77,surplus,40608457454.12989,1.032258064516129,-0.032258064516129004
364,31,12,2019,19.944,16.0,35.0,21.0,76,surplus,276384518732.5179,1.03125,-0.03125
