,Day,Month,Year,SolRadiation (MJ/m²/day),TempMin (°C),TempMax (°C),RelHumMin (%),RelHumMax (%),net radiation name,net radiation,surplus,deficit
0,1,1,2020,19.584000000000003,18.0,31.0,23.0,42,deficit,-383895287.2213652,1.5,-0.5
1,2,1,2020,19.584000000000003,12.5,31.5,23.0,34,deficit,-4858620431.688357,1.3333333333333333,-0.33333333333333326
2,3,1,2020,16.38,17.0,32.0,24.0,35,deficit,-7138045243.903229,1.25,-0.25
3,4,1,2020,17.46,19.5,33.0,28.000000000000004,64,deficit,-15024754886.625881,1.2,-0.19999999999999996
4,5,1,2020,19.584000000000003,18.5,34.0,30.0,61,deficit,-24256489292.7371,1.1666666666666667,-0.16666666666666674
5,6,1,2020,19.584000000000003,20.5,35.0,28.000000000000004,59,deficit,-44448076197.234024,1.1428571428571428,-0.1428571428571428
6,7,1,2020,17.424,20.0,35.0,22.0,64,deficit,-49522977591.15382,1.125,-0.125
7,8,1,2020,19.584000000000003,21.0,35.5,21.0,76,deficit,-2085873595.2673686,1.1111111111111112,-0.11111111111111116
8,9,1,2020,17.28,20.0,34.0,40.0,100,surplus,78813710218.95142,1.1,-0.10000000000000009
9,10,1,2020,16.308,24.0,34.5,53.0,99,surplus,90662170467.77829,1.0909090909090908,-0.09090909090909083
10,11,1,2020,17.424,24.5,34.4,50.0,100,deficit,-13001841078.467606,1.0833333333333333,-0.08333333333333326
11,12,1,2020,16.38,24.0,34.5,27.0,100,surplus,15537145269.24662,1.0769230769230769,-0.07692307692307687
12,13,1,2020,19.692,23.0,36.0,33.0,100,surplus,10065175258.973536,1.0714285714285714,-0.0714285714285714
13,14,1,2020,20.088,22.5,36.0,35.0,97,deficit,-127134269119.10701,1.0666666666666667,-0.06666666666666665
14,15,1,2020,19.08,21.5,35.1,23.0,97,deficit,-367467545004.31647,1.0625,-0.0625
15,16,1,2020,20.124,20.0,35.5,19.0,59,deficit,-276671448720.86255,1.0588235294117647,-0.05882352941176472
16,17,1,2020,19.08,20.5,34.5,22.0,84,deficit,-486944205360.27716,1.0555555555555556,-0.05555555555555558
17,18,1,2020,19.259999999999998,20.0,34.0,24.0,49,deficit,-514259802278.2979,1.0526315789473684,-0.05263157894736836
18,19,1,2020,16.38,20.0,33.5,26.0,52,deficit,-576607941219.9817,1.05,-0.050000000000000044
19,20,1,2020,19.188000000000002,20.0,35.1,23.0,54,deficit,-424469112537.1699,1.0476190476190477,-0.04761904761904767
20,21,1,2020,16.524,20.2,37.0,22.0,81,deficit,-393482431815.7611,1.0454545454545454,-0.045454545454545414
21,22,1,2020,19.584000000000003,21.0,35.5,18.0,100,deficit,-1190980394334.5024,1.0434782608695652,-0.04347826086956519
22,23,1,2020,20.448,20.5,35.5,13.0,28.000000000000004,deficit,-1285008150171.7893,1.0416666666666667,-0.04166666666666674
23,24,1,2020,21.024,19.5,36.0,13.0,31,deficit,-1259142433424.9053,1.04,-0.040000000000000036
24,25,1,2020,20.7,19.5,36.0,14.000000000000002,43,deficit,-1350027338153.0173,1.0384615384615385,-0.03846153846153855
25,26,1,2020,19.368,18.0,34.5,15.0,49,deficit,-1015812842702.3757,1.037037037037037,-0.03703703703703698
26,27,1,2020,19.584000000000003,18.0,35.0,18.0,83,deficit,-1174151594684.2883,1.0357142857142858,-0.03571428571428581
27,28,1,2020,19.98,18.0,37.0,17.0,74,deficit,-1487445302085.6348,1.0344827586206897,-0.034482758620689724
28,29,1,2020,20.340000000000003,18.5,36.0,11.0,73,deficit,-1326617815068.7717,1.0333333333333334,-0.03333333333333344
29,30,1,2020,19.944,18.0,35.0,12.0,95,deficit,-1333169808868.9104,1.032258064516129,-0.032258064516129004
30,1,2,2020,19.98,19.5,36.0,12.0,91,deficit,-383895287.2213652,1.5,-0.5
31,2,2,2020,20.304,18.0,35.5,14.000000000000002,62,deficit,-4858620431.688357,1.3333333333333333,-0.33333333333333326
32,3,2,2020,19.944,17.5,36.0,15.0,81,deficit,-7138045243.903229,1.25,-0.25
33,4,2,2020,19.728,18.0,35.0,30.0,92,deficit,-15024754886.625881,1.2,-0.19999999999999996
34,5,2,2020,16.38,19.0,34.5,16.0,86,deficit,-24256489292.7371,1.1666666666666667,-0.16666666666666674
35,6,2,2020,19.98,19.5,36.0,15.0,86,deficit,-44448076197.234024,1.1428571428571428,-0.1428571428571428
36,7,2,2020,19.656,19.5,36.5,16.0,40,deficit,-49522977591.15382,1.125,-0.125
37,8,2,2020,19.944,19.5,36.5,16.0,71,deficit,-2085873595.2673686,1.1111111111111112,-0.11111111111111116
38,9,2,2020,19.62,19.5,35.0,27.0,100,surplus,78813710218.95142,1.1,-0.10000000000000009
39,10,2,2020,17.028000000000002,21.0,33.5,22.0,99,surplus,90662170467.77829,1.0909090909090908,-0.09090909090909083
40,11,2,2020,17.82,23.0,35.0,16.0,39,deficit,-13001841078.467606,1.0833333333333333,-0.08333333333333326
41,12,2,2020,17.244,23.0,35.0,15.0,34,surplus,15537145269.24662,1.0769230769230769,-0.07692307692307687
42,13,2,2020,19.764000000000003,21.0,36.0,16.0,37,surplus,10065175258.973536,1.0714285714285714,-0.0714285714285714
43,14,2,2020,19.764000000000003,20.5,37.0,15.0,45,deficit,-127134269119.10701,1.0666666666666667,-0.06666666666666665
44,15,2,2020,20.772,20.0,37.5,20.0,100,deficit,-367467545004.31647,1.0625,-0.0625
45,16,2,2020,20.124,22.0,35.5,26.0,99,deficit,-276671448720.86255,1.0588235294117647,-0.05882352941176472
46,17,2,2020,19.8,22.0,36.5,41.0,98,deficit,-486944205360.27716,1.0555555555555556,-0.05555555555555558
47,18,2,2020,19.548,23.0,36.5,53.0,97,deficit,-514259802278.2979,1.0526315789473684,-0.05263157894736836
48,19,2,2020,19.584000000000003,24.0,36.5,31.0,100,deficit,-576607941219.9817,1.05,-0.050000000000000044
49,20,2,2020,19.8,24.5,36.5,20.9,100,deficit,-424469112537.1699,1.0476190476190477,-0.04761904761904767
50,21,2,2020,16.38,24.0,37.5,18.3,99.7,deficit,-393482431815.7611,1.0454545454545454,-0.045454545454545414
51,22,2,2020,19.944,24.0,37.5,27.0,99.4,deficit,-1190980394334.5024,1.0434782608695652,-0.04347826086956519
52,23,2,2020,20.088,25.5,37.0,27.1,99.3,deficit,-1285008150171.7893,1.0416666666666667,-0.04166666666666674
53,24,2,2020,20.052000000000003,24.5,37.5,20.200000000000003,100,deficit,-1259142433424.9053,1.04,-0.040000000000000036
54,25,2,2020,19.728,24.0,37.0,19.400000000000002,99.4,deficit,-1350027338153.0173,1.0384615384615385,-0.03846153846153855
55,26,2,2020,19.62,23.5,35.0,21.3,94.89999999999999,deficit,-1015812842702.3757,1.037037037037037,-0.03703703703703698
56,27,2,2020,17.964000000000002,24.0,36.5,34.2,99.2,deficit,-1174151594684.2883,1.0357142857142858,-0.03571428571428581
57,28,2,2020,17.856,23.0,37.0,29.099999999999998,95.19999999999999,deficit,-1487445302085.6348,1.0344827586206897,-0.034482758620689724
58,29,2,2020,20.340000000000003,23.5,38.0,46.800000000000004,95.8,deficit,-1326617815068.7717,1.0333333333333334,-0.03333333333333344
59,1,3,2020,16.812,24.0,36.5,54.2,100,deficit,-383895287.2213652,1.5,-0.5
60,2,3,2020,17.208000000000002,23.785714285714285,36.5,48.3,99.3,deficit,-4858620431.688357,1.3333333333333333,-0.33333333333333326
61,3,3,2020,16.740000000000002,22.5,35.5,51.5,99.9,deficit,-7138045243.903229,1.25,-0.25
62,4,3,2020,19.728,22.5,35.5,53.900000000000006,98.7,deficit,-15024754886.625881,1.2,-0.19999999999999996
63,5,3,2020,19.656,22.0,36.0,43.3,100,deficit,-24256489292.7371,1.1666666666666667,-0.16666666666666674
64,6,3,2020,16.812,26.0,35.5,50.7,98.9,deficit,-44448076197.234024,1.1428571428571428,-0.1428571428571428
65,7,3,2020,19.944,24.5,37.0,56.39999999999999,87,deficit,-49522977591.15382,1.125,-0.125
66,8,3,2020,16.38,24.5,35.5,47.0,99.4,deficit,-2085873595.2673686,1.1111111111111112,-0.11111111111111116
67,9,3,2020,19.188000000000002,24.5,36.0,45.2,99.3,surplus,78813710218.95142,1.1,-0.10000000000000009
68,10,3,2020,20.088,25.5,36.0,53.6,95.1,surplus,90662170467.77829,1.0909090909090908,-0.09090909090909083
69,11,3,2020,19.98,24.214285714285715,37.0,59.0,99.6,deficit,-13001841078.467606,1.0833333333333333,-0.08333333333333326
70,12,3,2020,16.344,23.0,34.0,58.5,97.6,surplus,15537145269.24662,1.0769230769230769,-0.07692307692307687
71,13,3,2020,17.064,25.0,35.0,24.4,100,surplus,10065175258.973536,1.0714285714285714,-0.0714285714285714
72,14,3,2020,12.816,25.0,35.0,29.799999999999997,99.6,deficit,-127134269119.10701,1.0666666666666667,-0.06666666666666665
73,15,3,2020,19.908,25.5,36.0,35.4,100,deficit,-367467545004.31647,1.0625,-0.0625
74,16,3,2020,20.340000000000003,25.0,31.0,43.2,98.8,deficit,-276671448720.86255,1.0588235294117647,-0.05882352941176472
75,17,3,2020,19.44,25.0,35.0,42.699999999999996,98.8,deficit,-486944205360.27716,1.0555555555555556,-0.05555555555555558
76,18,3,2020,19.548,25.5,35.0,54.7,97,deficit,-514259802278.2979,1.0526315789473684,-0.05263157894736836
77,19,3,2020,16.704,24.0,34.0,58.099999999999994,100,deficit,-576607941219.9817,1.05,-0.050000000000000044
78,20,3,2020,16.488,22.5,33.5,64.3,98.4,deficit,-424469112537.1699,1.0476190476190477,-0.04761904761904767
79,21,3,2020,20.304,24.0,35.5,56.3,100,deficit,-393482431815.7611,1.0454545454545454,-0.045454545454545414
80,22,3,2020,17.424,25.0,33.5,65.9,96.8,deficit,-1190980394334.5024,1.0434782608695652,-0.04347826086956519
81,23,3,2020,19.584000000000003,25.0,30.5,56.3,100,deficit,-1285008150171.7893,1.0416666666666667,-0.04166666666666674
82,24,3,2020,16.38,21.5,29.0,82.39999999999999,99.3,deficit,-1259142433424.9053,1.04,-0.040000000000000036
83,25,3,2020,19.98,22.5,34.0,66.8,99.2,deficit,-1350027338153.0173,1.0384615384615385,-0.03846153846153855
84,26,3,2020,17.424,23.5,34.0,62.2,99.9,deficit,-1015812842702.3757,1.037037037037037,-0.03703703703703698
85,27,3,2020,16.02,23.0,33.5,60.4,99.1,deficit,-1174151594684.2883,1.0357142857142858,-0.03571428571428581
86,28,3,2020,21.024,23.0,33.0,70.1,100,deficit,-1487445302085.6348,1.0344827586206897,-0.034482758620689724
87,29,3,2020,19.908,24.5,33.5,64.2,99.2,deficit,-1326617815068.7717,1.0333333333333334,-0.03333333333333344
88,30,3,2020,19.764000000000003,24.0,33.5,72.1,99.5,deficit,-1333169808868.9104,1.032258064516129,-0.032258064516129004
89,31,3,2020,17.172,24.5,33.4,68.7,100,deficit,-1912333735449.6816,1.03125,-0.03125
90,1,4,2020,19.08,23.5,33.5,40.0,95,deficit,-383895287.2213652,1.5,-0.5
91,2,4,2020,22.356,23.5,34.0,44.0,93,deficit,-4858620431.688357,1.3333333333333333,-0.33333333333333326
92,3,4,2020,19.764000000000003,23.5,34.5,45.0,98,deficit,-7138045243.903229,1.25,-0.25
93,4,4,2020,19.3824,21.5,30.0,63.0,95,deficit,-15024754886.625881,1.2,-0.19999999999999996
94,5,4,2020,22.644000000000002,22.5,35.0,40.0,95,deficit,-24256489292.7371,1.1666666666666667,-0.16666666666666674
95,6,4,2020,16.884,24.5,33.0,60.0,96,deficit,-44448076197.234024,1.1428571428571428,-0.1428571428571428
96,7,4,2020,19.611771428571426,23.5,35.0,40.0,95,deficit,-49522977591.15382,1.125,-0.125
97,8,4,2020,21.744,24.5,35.0,36.0,95,deficit,-2085873595.2673686,1.1111111111111112,-0.11111111111111116
98,9,4,2020,17.28,24.5,34.0,43.0,94,surplus,78813710218.95142,1.1,-0.10000000000000009
99,10,4,2020,17.244,22.5,33.5,37.0,95,surplus,90662170467.77829,1.0909090909090908,-0.09090909090909083
100,11,4,2020,20.844,23.5,35.0,32.0,95,deficit,-13001841078.467606,1.0833333333333333,-0.08333333333333326
101,12,4,2020,21.348,24.5,35.5,31.0,93,surplus,15537145269.24662,1.0769230769230769,-0.07692307692307687
102,13,4,2020,20.088,24.0,35.5,28.0,95,surplus,10065175258.973536,1.0714285714285714,-0.0714285714285714
103,14,4,2020,19.44,26.0,35.0,42.0,96,deficit,-127134269119.10701,1.0666666666666667,-0.06666666666666665
104,15,4,2020,20.268,24.5,35.0,45.0,96,deficit,-367467545004.31647,1.0625,-0.0625
105,16,4,2020,19.296000000000003,26.0,35.0,44.0,93,deficit,-276671448720.86255,1.0588235294117647,-0.05882352941176472
106,17,4,2020,15.984000000000002,24.5,34.5,43.0,67,deficit,-486944205360.27716,1.0555555555555556,-0.05555555555555558
107,18,4,2020,18.288,25.5,34.5,48.0,95,deficit,-514259802278.2979,1.0526315789473684,-0.05263157894736836
108,19,4,2020,13.895999999999999,25.5,34.0,48.0,95,deficit,-576607941219.9817,1.05,-0.050000000000000044
109,20,4,2020,22.212,25.0,34.5,40.0,96,deficit,-424469112537.1699,1.0476190476190477,-0.04761904761904767
110,21,4,2020,21.276,25.0,36.0,36.0,96,deficit,-393482431815.7611,1.0454545454545454,-0.045454545454545414
111,22,4,2020,18.432000000000002,23.0,33.0,55.0,94,deficit,-1190980394334.5024,1.0434782608695652,-0.04347826086956519
112,23,4,2020,21.312,24.0,34.0,45.0,94,deficit,-1285008150171.7893,1.0416666666666667,-0.04166666666666674
113,24,4,2020,21.204,25.0,35.2,41.0,93,deficit,-1259142433424.9053,1.04,-0.040000000000000036
114,25,4,2020,17.28,25.0,35.0,47.0,100,deficit,-1350027338153.0173,1.0384615384615385,-0.03846153846153855
115,26,4,2020,19.1664,20.0,27.5,76.0,98,deficit,-1015812842702.3757,1.037037037037037,-0.03703703703703698
116,27,4,2020,21.276,21.0,34.5,46.0,90,deficit,-1174151594684.2883,1.0357142857142858,-0.03571428571428581
117,28,4,2020,22.212,24.0,34.5,42.0,97,deficit,-1487445302085.6348,1.0344827586206897,-0.034482758620689724
118,29,4,2020,16.56,20.5,31.0,61.0,94,deficit,-1326617815068.7717,1.0333333333333334,-0.03333333333333344
119,30,4,2020,12.852,20.5,30.5,64.0,95,deficit,-1333169808868.9104,1.032258064516129,-0.032258064516129004
120,1,5,2020,20.472,23.0,34.0,26.0,94,deficit,-383895287.2213652,1.5,-0.5
121,2,5,2020,21.06,24.5,33.5,50.0,95,deficit,-4858620431.688357,1.3333333333333333,-0.33333333333333326
122,3,5,2020,11.484,21.0,28.0,60.0,95,deficit,-7138045243.903229,1.25,-0.25
123,4,5,2020,19.116,22.0,32.0,50.0,93,deficit,-15024754886.625881,1.2,-0.19999999999999996
124,5,5,2020,22.176000000000002,23.0,34.5,47.0,95,deficit,-24256489292.7371,1.1666666666666667,-0.16666666666666674
125,6,5,2020,21.564,23.5,34.5,42.0,96,deficit,-44448076197.234024,1.1428571428571428,-0.1428571428571428
126,7,5,2020,19.512,24.0,33.5,58.0,95,deficit,-49522977591.15382,1.125,-0.125
127,8,5,2020,16.668,24.0,33.0,60.0,95,deficit,-2085873595.2673686,1.1111111111111112,-0.11111111111111116
128,9,5,2020,19.404,25.0,34.0,53.0,96,surplus,78813710218.95142,1.1,-0.10000000000000009
129,10,5,2020,12.276000000000002,25.0,30.5,54.0,94,surplus,90662170467.77829,1.0909090909090908,-0.09090909090909083
130,11,5,2020,17.28,21.5,30.5,69.0,94,deficit,-13001841078.467606,1.0833333333333333,-0.08333333333333326
131,12,5,2020,22.176000000000002,24.0,32.5,45.0,91,surplus,15537145269.24662,1.0769230769230769,-0.07692307692307687
132,13,5,2020,20.376,23.5,32.5,44.0,96,surplus,10065175258.973536,1.0714285714285714,-0.0714285714285714
133,14,5,2020,20.016,24.0,33.0,54.0,98,deficit,-127134269119.10701,1.0666666666666667,-0.06666666666666665
134,15,5,2020,16.56,22.0,32.0,64.0,97,deficit,-367467545004.31647,1.0625,-0.0625
135,16,5,2020,20.340000000000003,23.5,33.5,53.0,96,deficit,-276671448720.86255,1.0588235294117647,-0.05882352941176472
136,17,5,2020,19.296000000000003,25.5,34.2,55.0,95,deficit,-486944205360.27716,1.0555555555555556,-0.05555555555555558
137,18,5,2020,18.036,25.0,32.0,62.0,96,deficit,-514259802278.2979,1.0526315789473684,-0.05263157894736836
138,19,5,2020,11.304,25.0,31.5,56.0,96,deficit,-576607941219.9817,1.05,-0.050000000000000044
139,20,5,2020,20.736,23.5,32.2,56.0,96,deficit,-424469112537.1699,1.0476190476190477,-0.04761904761904767
140,21,5,2020,20.196,24.0,35.0,43.0,96,deficit,-393482431815.7611,1.0454545454545454,-0.045454545454545414
141,22,5,2020,19.299599999999998,25.0,35.1,71.0,97,deficit,-1190980394334.5024,1.0434782608695652,-0.04347826086956519
142,23,5,2020,18.072,23.0,33.0,56.0,96,deficit,-1285008150171.7893,1.0416666666666667,-0.04166666666666674
143,24,5,2020,16.704,25.0,32.5,60.0,97,deficit,-1259142433424.9053,1.04,-0.040000000000000036
144,25,5,2020,13.5,23.5,30.0,66.0,95,deficit,-1350027338153.0173,1.0384615384615385,-0.03846153846153855
145,26,5,2020,20.232,23.0,32.5,55.0,96,deficit,-1015812842702.3757,1.037037037037037,-0.03703703703703698
146,27,5,2020,17.28,24.5,30.0,70.0,98,deficit,-1174151594684.2883,1.0357142857142858,-0.03571428571428581
147,28,5,2020,18.7056,23.5,27.0,88.0,99,deficit,-1487445302085.6348,1.0344827586206897,-0.034482758620689724
148,29,5,2020,22.248,22.5,32.0,51.0,97,deficit,-1326617815068.7717,1.0333333333333334,-0.03333333333333344
149,30,5,2020,15.048,20.5,31.5,64.0,96,deficit,-1333169808868.9104,1.032258064516129,-0.032258064516129004
150,31,5,2020,19.8,24.0,32.5,57.0,95,deficit,-1912333735449.6816,1.03125,-0.03125
151,1,6,2020,12.996,24.0,31.0,65.0,99,deficit,-383895287.2213652,1.5,-0.5
152,2,6,2020,18.18,20.0,31.0,53.0,95,deficit,-4858620431.688357,1.3333333333333333,-0.33333333333333326
153,3,6,2020,19.584000000000003,20.5,32.0,57.0,98,deficit,-7138045243.903229,1.25,-0.25
154,4,6,2020,19.044,23.0,33.5,52.0,97,deficit,-15024754886.625881,1.2,-0.19999999999999996
155,5,6,2020,11.592,24.0,31.5,46.0,96,deficit,-24256489292.7371,1.1666666666666667,-0.16666666666666674
156,6,6,2020,16.956,23.5,32.0,55.0,99,deficit,-44448076197.234024,1.1428571428571428,-0.1428571428571428
157,7,6,2020,19.404,21.5,30.5,63.0,98,deficit,-49522977591.15382,1.125,-0.125
158,8,6,2020,21.636,22.0,32.5,50.0,100,deficit,-2085873595.2673686,1.1111111111111112,-0.11111111111111116
159,9,6,2020,15.192,20.5,30.5,72.0,97,surplus,78813710218.95142,1.1,-0.10000000000000009
160,10,6,2020,20.088,21.0,31.5,52.0,93,surplus,90662170467.77829,1.0909090909090908,-0.09090909090909083
161,11,6,2020,16.416,23.5,30.0,68.0,95,deficit,-13001841078.467606,1.0833333333333333,-0.08333333333333326
162,12,6,2020,17.28,23.5,28.5,63.0,98,surplus,15537145269.24662,1.0769230769230769,-0.07692307692307687
163,13,6,2020,16.416,22.5,31.5,52.0,94,surplus,10065175258.973536,1.0714285714285714,-0.0714285714285714
164,14,6,2020,16.884,24.0,31.0,54.0,95,deficit,-127134269119.10701,1.0666666666666667,-0.06666666666666665
165,15,6,2020,18.396,24.0,31.5,56.0,95,deficit,-367467545004.31647,1.0625,-0.0625
166,16,6,2020,17.172,24.2,32.0,60.0,96,deficit,-276671448720.86255,1.0588235294117647,-0.05882352941176472
167,17,6,2020,13.824,24.0,29.0,75.0,95,deficit,-486944205360.27716,1.0555555555555556,-0.05555555555555558
168,18,6,2020,19.1088,23.5,26.5,90.0,95,deficit,-514259802278.2979,1.0526315789473684,-0.05263157894736836
169,19,6,2020,17.316,21.5,30.5,65.0,95,deficit,-576607941219.9817,1.05,-0.050000000000000044
170,20,6,2020,12.564000000000002,22.5,29.5,75.0,96,deficit,-424469112537.1699,1.0476190476190477,-0.04761904761904767
171,21,6,2020,15.515999999999998,23.0,30.1,71.0,95,deficit,-393482431815.7611,1.0454545454545454,-0.045454545454545414
172,22,6,2020,19.0944,23.0,25.5,78.0,96,deficit,-1190980394334.5024,1.0434782608695652,-0.04347826086956519
173,23,6,2020,18.108,20.5,29.5,64.0,94,deficit,-1285008150171.7893,1.0416666666666667,-0.04166666666666674
174,24,6,2020,16.776,22.1,31.5,70.0,95,deficit,-1259142433424.9053,1.04,-0.040000000000000036
175,25,6,2020,15.371999999999998,21.0,30.0,73.0,96,deficit,-1350027338153.0173,1.0384615384615385,-0.03846153846153855
176,26,6,2020,15.264000000000001,21.2,30.0,68.0,96,deficit,-1015812842702.3757,1.037037037037037,-0.03703703703703698
177,27,6,2020,16.38,20.5,30.0,69.0,96,deficit,-1174151594684.2883,1.0357142857142858,-0.03571428571428581
178,28,6,2020,17.28,22.2,28.5,71.0,95,deficit,-1487445302085.6348,1.0344827586206897,-0.034482758620689724
179,29,6,2020,12.168,23.5,27.5,78.0,98,deficit,-1326617815068.7717,1.0333333333333334,-0.03333333333333344
180,30,6,2020,11.412,23.0,27.5,82.0,98,deficit,-1333169808868.9104,1.032258064516129,-0.032258064516129004
181,1,7,2020,15.387442129629584,23.0,30.0,66.0,95,deficit,-383895287.2213652,1.5,-0.5
182,2,7,2020,16.262442129629584,23.0,31.0,62.0,94,deficit,-4858620431.688357,1.3333333333333333,-0.33333333333333326
183,3,7,2020,14.600694444444416,24.0,31.0,62.0,97,deficit,-7138045243.903229,1.25,-0.25
184,4,7,2020,6.926793981481475,23.0,27.0,81.0,98,deficit,-15024754886.625881,1.2,-0.19999999999999996
185,5,7,2020,15.829282407407334,22.0,29.0,65.0,96,deficit,-24256489292.7371,1.1666666666666667,-0.16666666666666674
186,6,7,2020,10.0653935185185,22.2,28.5,79.0,96,deficit,-44448076197.234024,1.1428571428571428,-0.1428571428571428
187,7,7,2020,14.243344907407334,21.1,28.5,71.0,96,deficit,-49522977591.15382,1.125,-0.125
188,8,7,2020,9.153935185185167,21.5,27.5,81.0,97,deficit,-2085873595.2673686,1.1111111111111112,-0.11111111111111116
189,9,7,2020,8.248263888888884,23.0,28.5,77.0,97,surplus,78813710218.95142,1.1,-0.10000000000000009
190,10,7,2020,7.576388888888883,22.0,26.5,80.0,96,surplus,90662170467.77829,1.0909090909090908,-0.09090909090909083
191,11,7,2020,10.833912037037,21.5,28.5,76.0,96,deficit,-13001841078.467606,1.0833333333333333,-0.08333333333333326
192,12,7,2020,8.894386574074,22.5,28.0,82.0,98,surplus,15537145269.24662,1.0769230769230769,-0.07692307692307687
193,13,7,2020,6.9224537037037,22.0,26.5,84.0,98,surplus,10065175258.973536,1.0714285714285714,-0.0714285714285714
194,14,7,2020,11.577256944444416,22.0,28.5,71.0,96,deficit,-127134269119.10701,1.0666666666666667,-0.06666666666666665
195,15,7,2020,6.885416666666667,22.0,26.5,81.0,97,deficit,-367467545004.31647,1.0625,-0.0625
196,16,7,2020,4.484085648148142,22.0,25.0,87.0,97,deficit,-276671448720.86255,1.0588235294117647,-0.05882352941176472
197,17,7,2020,6.751446759259259,22.0,26.2,83.0,97,deficit,-486944205360.27716,1.0555555555555556,-0.05555555555555558
198,18,7,2020,14.128182870370333,22.2,29.0,62.0,96,deficit,-514259802278.2979,1.0526315789473684,-0.05263157894736836
199,19,7,2020,12.97019675925925,22.0,29.0,70.0,98,deficit,-576607941219.9817,1.05,-0.050000000000000044
200,20,7,2020,14.162905092592583,22.0,29.0,63.0,97,deficit,-424469112537.1699,1.0476190476190477,-0.04761904761904767
201,21,7,2020,12.155381944444416,22.5,30.0,64.0,98,deficit,-393482431815.7611,1.0454545454545454,-0.045454545454545414
202,22,7,2020,10.602141203703667,23.0,30.0,65.0,98,deficit,-1190980394334.5024,1.0434782608695652,-0.04347826086956519
203,23,7,2020,14.714988425925917,22.0,30.0,57.0,97,deficit,-1285008150171.7893,1.0416666666666667,-0.04166666666666674
204,24,7,2020,9.646990740740668,22.5,28.0,75.0,98,deficit,-1259142433424.9053,1.04,-0.040000000000000036
205,25,7,2020,13.869502314814751,22.5,30.0,62.0,99,deficit,-1350027338153.0173,1.0384615384615385,-0.03846153846153855
206,26,7,2020,13.532407407407334,21.5,28.0,74.0,96,deficit,-1015812842702.3757,1.037037037037037,-0.03703703703703698
207,27,7,2020,9.857638888888834,22.5,28.0,72.0,96,deficit,-1174151594684.2883,1.0357142857142858,-0.03571428571428581
208,28,7,2020,6.515335648148142,21.0,26.5,85.0,98,deficit,-1487445302085.6348,1.0344827586206897,-0.034482758620689724
209,29,7,2020,12.518807870370333,21.0,29.5,85.0,96,deficit,-1326617815068.7717,1.0333333333333334,-0.03333333333333344
210,30,7,2020,11.4539930555555,22.0,28.2,62.0,97,deficit,-1333169808868.9104,1.032258064516129,-0.032258064516129004
211,31,7,2020,5.361400462962958,22.1,26.0,68.0,98,deficit,-1912333735449.6816,1.03125,-0.03125
212,1,8,2020,13.056423611111084,22.0,29.5,60.0,96,deficit,-383895287.2213652,1.5,-0.5
213,2,8,2020,8.241030092592592,22.2,27.5,72.0,98,deficit,-4858620431.688357,1.3333333333333333,-0.33333333333333326
214,3,8,2020,6.389178240740733,22.0,27.0,67.0,97,deficit,-7138045243.903229,1.25,-0.25
215,4,8,2020,15.78848379629625,21.5,30.0,43.0,97,deficit,-15024754886.625881,1.2,-0.19999999999999996
216,5,8,2020,10.32465277777775,21.5,29.5,87.0,96,deficit,-24256489292.7371,1.1666666666666667,-0.16666666666666674
217,6,8,2020,6.559895833333333,20.5,26.0,73.0,97,deficit,-44448076197.234024,1.1428571428571428,-0.1428571428571428
218,7,8,2020,5.631655092592592,21.5,25.0,82.0,99,deficit,-49522977591.15382,1.125,-0.125
219,8,8,2020,13.479745370370333,20.0,28.0,50.0,99,deficit,-2085873595.2673686,1.1111111111111112,-0.11111111111111116
220,9,8,2020,16.065104166666668,20.0,29.5,60.0,96,surplus,78813710218.95142,1.1,-0.10000000000000009
221,10,8,2020,6.52372685185185,24.5,26.5,73.0,98,surplus,90662170467.77829,1.0909090909090908,-0.09090909090909083
222,11,8,2020,13.2216435185185,21.1,29.2,53.0,97,deficit,-13001841078.467606,1.0833333333333333,-0.08333333333333326
223,12,8,2020,19.184317129629584,20.5,31.5,37.0,94,surplus,15537145269.24662,1.0769230769230769,-0.07692307692307687
224,13,8,2020,13.072048611111084,20.5,30.5,57.0,100,surplus,10065175258.973536,1.0714285714285714,-0.0714285714285714
225,14,8,2020,2.433449074074067,20.5,25.5,94.0,99,deficit,-127134269119.10701,1.0666666666666667,-0.06666666666666665
226,15,8,2020,12.993344907407334,20.5,29.5,72.0,96,deficit,-367467545004.31647,1.0625,-0.0625
227,16,8,2020,13.947916666666666,21.5,31.0,52.0,97,deficit,-276671448720.86255,1.0588235294117647,-0.05882352941176472
228,17,8,2020,6.671875,22.0,26.5,80.0,98,deficit,-486944205360.27716,1.0555555555555556,-0.05555555555555558
229,18,8,2020,10.564814814814751,21.5,30.0,64.0,9 8,deficit,-514259802278.2979,1.0526315789473684,-0.05263157894736836
230,19,8,2020,10.395833333333334,23.0,30.0,64.0,95,deficit,-576607941219.9817,1.05,-0.050000000000000044
231,20,8,2020,7.262152777777775,22.6,27.5,75.0,99,deficit,-424469112537.1699,1.0476190476190477,-0.04761904761904767
232,21,8,2020,4.955729166666667,22.5,26.0,86.0,99,deficit,-393482431815.7611,1.0454545454545454,-0.045454545454545414
233,22,8,2020,8.681712962962918,23.0,27.5,72.0,99,deficit,-1190980394334.5024,1.0434782608695652,-0.04347826086956519
234,23,8,2020,12.075810185185167,22.0,30.0,55.0,95,deficit,-1285008150171.7893,1.0416666666666667,-0.04166666666666674
235,24,8,2020,9.236111111111084,22.0,29.5,53.0,97,deficit,-1259142433424.9053,1.04,-0.040000000000000036
236,25,8,2020,8.936342592592583,21.0,28.5,65.0,99,deficit,-1350027338153.0173,1.0384615384615385,-0.03846153846153855
237,26,8,2020,9.08246527777775,21.5,29.1,58.0,95,deficit,-1015812842702.3757,1.037037037037037,-0.03703703703703698
238,27,8,2020,8.013888888888884,22.1,28.0,71.0,97,deficit,-1174151594684.2883,1.0357142857142858,-0.03571428571428581
239,28,8,2020,12.316550925925917,22.2,29.5,58.0,96,deficit,-1487445302085.6348,1.0344827586206897,-0.034482758620689724
240,29,8,2020,8.523726851851833,22.5,29.5,63.0,97,deficit,-1326617815068.7717,1.0333333333333334,-0.03333333333333344
241,30,8,2020,8.896122685185167,22.0,28.2,70.0,98,deficit,-1333169808868.9104,1.032258064516129,-0.032258064516129004
242,31,8,2020,12.140914351851833,22.0,30.2,53.0,98,deficit,-1912333735449.6816,1.03125,-0.03125
243,1,9,2020,8.282699999999982,23.0,28.0,67.0,98,deficit,-383895287.2213652,1.5,-0.5
244,2,9,2020,13.613399999999986,23.0,31.0,52.0,96,deficit,-4858620431.688357,1.3333333333333333,-0.33333333333333326
245,3,9,2020,12.683099999999985,23.0,32.0,51.0,94,deficit,-7138045243.903229,1.25,-0.25
246,4,9,2020,8.870099999999985,23.5,30.0,56.0,96,deficit,-15024754886.625881,1.2,-0.19999999999999996
247,5,9,2020,9.894899999999991,23.5,29.5,52.0,96,deficit,-24256489292.7371,1.1666666666666667,-0.16666666666666674
248,6,9,2020,10.637399999999989,22.5,29.5,63.0,96,deficit,-44448076197.234024,1.1428571428571428,-0.1428571428571428
249,7,9,2020,12.893099999999988,22.5,30.0,55.0,95,deficit,-49522977591.15382,1.125,-0.125
250,8,9,2020,12.034799999999986,22.5,30.5,56.0,97,deficit,-2085873595.2673686,1.1111111111111112,-0.11111111111111116
251,9,9,2020,8.539499999999991,21.5,27.5,76.0,97,surplus,78813710218.95142,1.1,-0.10000000000000009
252,10,9,2020,10.925399999999987,21.0,29.5,66.0,96,surplus,90662170467.77829,1.0909090909090908,-0.09090909090909083
253,11,9,2020,9.672299999999987,22.5,30.0,69.0,95,deficit,-13001841078.467606,1.0833333333333333,-0.08333333333333326
254,12,9,2020,11.956199999999988,23.0,30.5,62.0,96,surplus,15537145269.24662,1.0769230769230769,-0.07692307692307687
255,13,9,2020,15.314099999999986,20.5,29.7,56.0,95,surplus,10065175258.973536,1.0714285714285714,-0.0714285714285714
256,14,9,2020,11.522999999999984,23.0,30.0,65.0,97,deficit,-127134269119.10701,1.0666666666666667,-0.06666666666666665
257,15,9,2020,3.573899999999994,23.0,24.5,92.0,98,deficit,-367467545004.31647,1.0625,-0.0625
258,16,9,2020,9.933899999999984,20.5,26.0,80.0,98,deficit,-276671448720.86255,1.0588235294117647,-0.05882352941176472
259,17,9,2020,9.810299999999987,21.0,28.0,78.0,94,deficit,-486944205360.27716,1.0555555555555556,-0.05555555555555558
260,18,9,2020,12.380699999999987,22.5,29.5,70.0,96,deficit,-514259802278.2979,1.0526315789473684,-0.05263157894736836
261,19,9,2020,15.114599999999987,21.0,30.0,62.0,97,deficit,-576607941219.9817,1.05,-0.050000000000000044
262,20,9,2020,14.298899999999987,21.0,27.5,64.0,96,deficit,-424469112537.1699,1.0476190476190477,-0.04761904761904767
263,21,9,2020,15.860999999999983,22.1,31.5,52.0,97,deficit,-393482431815.7611,1.0454545454545454,-0.045454545454545414
264,22,9,2020,9.667799999999986,22.0,28.0,76.0,97,deficit,-1190980394334.5024,1.0434782608695652,-0.04347826086956519
265,23,9,2020,14.118299999999989,23.5,30.0,62.0,99,deficit,-1285008150171.7893,1.0416666666666667,-0.04166666666666674
266,24,9,2020,7.847399999999991,21.0,26.0,84.0,100,deficit,-1259142433424.9053,1.04,-0.040000000000000036
267,25,9,2020,10.949999999999985,21.0,29.0,67.0,98,deficit,-1350027338153.0173,1.0384615384615385,-0.03846153846153855
268,26,9,2020,6.300299999999993,21.0,26.0,78.0,100,deficit,-1015812842702.3757,1.037037037037037,-0.03703703703703698
269,27,9,2020,12.818699999999986,21.0,29.5,62.0,98,deficit,-1174151594684.2883,1.0357142857142858,-0.03571428571428581
270,28,9,2020,14.511899999999981,21.5,30.1,62.0,99,deficit,-1487445302085.6348,1.0344827586206897,-0.034482758620689724
271,29,9,2020,7.7636999999999885,22.0,27.0,81.0,100,deficit,-1326617815068.7717,1.0333333333333334,-0.03333333333333344
272,30,9,2020,5.368199999999993,22.0,26.5,88.0,97,deficit,-1333169808868.9104,1.032258064516129,-0.032258064516129004
273,1,10,2020,11.235299999999988,23.0,30.5,62.0,94,deficit,-383895287.2213652,1.5,-0.5
274,2,10,2020,14.880599999999983,23.0,31.0,59.0,94,deficit,-4858620431.688357,1.3333333333333333,-0.33333333333333326
275,3,10,2020,9.238499999999991,23.0,29.0,65.0,96,deficit,-7138045243.903229,1.25,-0.25
276,4,10,2020,14.273099999999987,23.0,30.0,52.0,94,deficit,-15024754886.625881,1.2,-0.19999999999999996
277,5,10,2020,12.97169999999998,23.0,30.5,68.0,95,deficit,-24256489292.7371,1.1666666666666667,-0.16666666666666674
278,6,10,2020,14.003999999999984,23.5,30.0,70.0,95,deficit,-44448076197.234024,1.1428571428571428,-0.1428571428571428
279,7,10,2020,10.754699999999987,21.0,29.0,70.0,96,deficit,-49522977591.15382,1.125,-0.125
280,8,10,2020,15.354599999999982,21.0,29.5,61.0,95,deficit,-2085873595.2673686,1.1111111111111112,-0.11111111111111116
281,9,10,2020,13.14329999999999,21.5,29.2,64.0,95,surplus,78813710218.95142,1.1,-0.10000000000000009
282,10,10,2020,13.450199999999978,22.0,29.5,69.0,96,surplus,90662170467.77829,1.0909090909090908,-0.09090909090909083
283,11,10,2020,16.34279999999998,23.0,31.0,58.0,95,deficit,-13001841078.467606,1.0833333333333333,-0.08333333333333326
284,12,10,2020,17.093699999999977,23.1,30.0,55.0,95,surplus,15537145269.24662,1.0769230769230769,-0.07692307692307687
285,13,10,2020,16.96799999999998,20.0,30.5,57.0,96,surplus,10065175258.973536,1.0714285714285714,-0.0714285714285714
286,14,10,2020,9.936899999999989,20.0,29.0,76.0,95,deficit,-127134269119.10701,1.0666666666666667,-0.06666666666666665
287,15,10,2020,16.355399999999978,23.0,30.5,61.0,93,deficit,-367467545004.31647,1.0625,-0.0625
288,16,10,2020,16.328699999999976,24.0,31.0,56.0,94,deficit,-276671448720.86255,1.0588235294117647,-0.05882352941176472
289,17,10,2020,8.700299999999983,24.0,28.0,72.0,94,deficit,-486944205360.27716,1.0555555555555556,-0.05555555555555558
290,18,10,2020,13.541699999999986,23.0,31.0,55.0,94,deficit,-514259802278.2979,1.0526315789473684,-0.05263157894736836
291,19,10,2020,16.14569999999998,21.1,30.5,54.0,94,deficit,-576607941219.9817,1.05,-0.050000000000000044
292,20,10,2020,19.467299999999977,21.1,31.5,60.0,94,deficit,-424469112537.1699,1.0476190476190477,-0.04761904761904767
293,21,10,2020,14.942099999999986,22.0,31.0,60.0,96,deficit,-393482431815.7611,1.0454545454545454,-0.045454545454545414
294,22,10,2020,16.581299999999978,22.0,32.0,60.0,95,deficit,-1190980394334.5024,1.0434782608695652,-0.04347826086956519
295,23,10,2020,14.046599999999989,22.5,31.5,56.0,94,deficit,-1285008150171.7893,1.0416666666666667,-0.04166666666666674
296,24,10,2020,13.180199999999987,22.5,30.5,63.0,95,deficit,-1259142433424.9053,1.04,-0.040000000000000036
297,25,10,2020,12.875699999999988,24.0,30.5,69.0,96,deficit,-1350027338153.0173,1.0384615384615385,-0.03846153846153855
298,26,10,2020,17.861099999999986,23.0,31.0,62.0,96,deficit,-1015812842702.3757,1.037037037037037,-0.03703703703703698
299,27,10,2020,19.430399999999977,22.5,31.5,47.0,95,deficit,-1174151594684.2883,1.0357142857142858,-0.03571428571428581
300,28,10,2020,17.568599999999986,24.0,31.5,45.0,94,deficit,-1487445302085.6348,1.0344827586206897,-0.034482758620689724
301,29,10,2020,17.071799999999982,24.0,31.5,45.0,95,deficit,-1326617815068.7717,1.0333333333333334,-0.03333333333333344
302,30,10,2020,18.25649999999998,22.0,32.0,62.0,95,deficit,-1333169808868.9104,1.032258064516129,-0.032258064516129004
303,31,10,2020,16.749899999999982,22.2,31.5,55.0,94,deficit,-1912333735449.6816,1.03125,-0.03125
304,1,11,2020,17.607899999999972,24.5,32.5,47.0,94,deficit,-383895287.2213652,1.5,-0.5
305,2,11,2020,17.43239999999998,24.5,32.5,41.0,97,deficit,-4858620431.688357,1.3333333333333333,-0.33333333333333326
306,3,11,2020,17.489999999999977,24.0,32.5,35.0,94,deficit,-7138045243.903229,1.25,-0.25
307,4,11,2020,12.911999999999981,24.5,30.0,63.0,95,deficit,-15024754886.625881,1.2,-0.19999999999999996
308,5,11,2020,16.981199999999976,22.0,32.5,42.0,94,deficit,-24256489292.7371,1.1666666666666667,-0.16666666666666674
309,6,11,2020,17.858699999999985,23.0,33.5,31.0,93,deficit,-44448076197.234024,1.1428571428571428,-0.1428571428571428
310,7,11,2020,14.978999999999983,24.5,33.0,32.0,92,deficit,-49522977591.15382,1.125,-0.125
311,8,11,2020,16.475099999999976,24.0,32.0,30.0,94,deficit,-2085873595.2673686,1.1111111111111112,-0.11111111111111116
312,9,11,2020,13.408199999999985,24.0,31.5,42.0,94,surplus,78813710218.95142,1.1,-0.10000000000000009
313,10,11,2020,15.506699999999972,24.0,32.0,50.0,94,surplus,90662170467.77829,1.0909090909090908,-0.09090909090909083
314,11,11,2020,11.577599999999983,24.0,31.5,48.0,94,deficit,-13001841078.467606,1.0833333333333333,-0.08333333333333326
315,12,11,2020,18.395099999999978,22.5,33.5,22.0,93,surplus,15537145269.24662,1.0769230769230769,-0.07692307692307687
316,13,11,2020,18.344999999999978,21.2,34.5,13.0,95,surplus,10065175258.973536,1.0714285714285714,-0.0714285714285714
317,14,11,2020,16.37369999999998,22.1,33.0,26.0,94,deficit,-127134269119.10701,1.0666666666666667,-0.06666666666666665
318,15,11,2020,16.535099999999975,24.0,33.5,37.0,94,deficit,-367467545004.31647,1.0625,-0.0625
319,16,11,2020,16.514999999999983,23.5,33.2,29.0,93,deficit,-276671448720.86255,1.0588235294117647,-0.05882352941176472
320,17,11,2020,16.142999999999986,23.5,33.5,31.0,93,deficit,-486944205360.27716,1.0555555555555556,-0.05555555555555558
321,18,11,2020,15.195899999999986,24.5,33.0,15.0,96,deficit,-514259802278.2979,1.0526315789473684,-0.05263157894736836
322,19,11,2020,15.035699999999983,22.5,32.5,18.0,98,deficit,-576607941219.9817,1.05,-0.050000000000000044
323,20,11,2020,15.869399999999981,21.0,33.0,13.0,93,deficit,-424469112537.1699,1.0476190476190477,-0.04761904761904767
324,21,11,2020,15.769799999999979,21.5,33.5,23.0,97,deficit,-393482431815.7611,1.0454545454545454,-0.045454545454545414
325,22,11,2020,14.974499999999988,22.5,34.0,23.0,96,deficit,-1190980394334.5024,1.0434782608695652,-0.04347826086956519
326,23,11,2020,15.406799999999985,23.1,34.0,23.0,95,deficit,-1285008150171.7893,1.0416666666666667,-0.04166666666666674
327,24,11,2020,14.500199999999985,24.0,33.8,31.0,95,deficit,-1259142433424.9053,1.04,-0.040000000000000036
328,25,11,2020,12.855599999999983,24.0,34.0,25.0,95,deficit,-1350027338153.0173,1.0384615384615385,-0.03846153846153855
329,26,11,2020,13.507799999999989,24.0,32.8,33.0,95,deficit,-1015812842702.3757,1.037037037037037,-0.03703703703703698
330,27,11,2020,11.412899999999986,23.5,32.8,42.0,96,deficit,-1174151594684.2883,1.0357142857142858,-0.03571428571428581
331,28,11,2020,14.167199999999985,24.2,33.0,34.0,95,deficit,-1487445302085.6348,1.0344827586206897,-0.034482758620689724
332,29,11,2020,14.008499999999989,24.0,33.0,35.0,97,deficit,-1326617815068.7717,1.0333333333333334,-0.03333333333333344
333,30,11,2020,15.066899999999986,24.0,35.0,15.0,95,deficit,-1333169808868.9104,1.032258064516129,-0.032258064516129004
334,1,12,2020,14.771699999999987,24.0,34.5,23.0,94,deficit,-383895287.2213652,1.5,-0.5
335,2,12,2020,14.654999999999985,24.5,33.5,23.0,95,deficit,-4858620431.688357,1.3333333333333333,-0.33333333333333326
336,3,12,2020,15.30839999999998,24.0,34.0,20.0,94,deficit,-7138045243.903229,1.25,-0.25
337,4,12,2020,12.554699999999988,24.5,33.8,32.0,96,deficit,-15024754886.625881,1.2,-0.19999999999999996
338,5,12,2020,13.028399999999989,24.5,33.5,34.0,96,deficit,-24256489292.7371,1.1666666666666667,-0.16666666666666674
339,6,12,2020,13.389299999999992,24.5,34.0,40.0,96,deficit,-44448076197.234024,1.1428571428571428,-0.1428571428571428
340,7,12,2020,13.163699999999986,24.0,33.5,41.0,97,deficit,-49522977591.15382,1.125,-0.125
341,8,12,2020,14.435399999999987,22.5,32.2,47.0,98,deficit,-2085873595.2673686,1.1111111111111112,-0.11111111111111116
342,9,12,2020,13.109999999999985,22.5,32.0,55.0,96,surplus,78813710218.95142,1.1,-0.10000000000000009
343,10,12,2020,14.87159999999999,24.3,34.5,36.0,96,surplus,90662170467.77829,1.0909090909090908,-0.09090909090909083
344,11,12,2020,15.839699999999981,25.0,34.0,30.0,94,deficit,-13001841078.467606,1.0833333333333333,-0.08333333333333326
345,12,12,2020,13.439099999999986,25.0,33.0,40.0,95,surplus,15537145269.24662,1.0769230769230769,-0.07692307692307687
346,13,12,2020,14.11409999999999,25.0,32.5,44.0,96,surplus,10065175258.973536,1.0714285714285714,-0.0714285714285714
347,14,12,2020,11.54609999999999,23.5,32.5,45.0,97,deficit,-127134269119.10701,1.0666666666666667,-0.06666666666666665
348,15,12,2020,14.773499999999993,24.2,33.1,50.0,96,deficit,-367467545004.31647,1.0625,-0.0625
349,16,12,2020,15.636899999999988,22.8,33.0,37.0,96,deficit,-276671448720.86255,1.0588235294117647,-0.05882352941176472
350,17,12,2020,15.434399999999982,22.5,32.8,23.0,96,deficit,-486944205360.27716,1.0555555555555556,-0.05555555555555558
351,18,12,2020,15.031799999999986,24.0,33.5,28.0,93,deficit,-514259802278.2979,1.0526315789473684,-0.05263157894736836
352,19,12,2020,13.912499999999985,23.5,32.8,29.0,97,deficit,-576607941219.9817,1.05,-0.050000000000000044
353,20,12,2020,14.574899999999989,24.2,33.0,29.0,98,deficit,-424469112537.1699,1.0476190476190477,-0.04761904761904767
354,21,12,2020,12.85229999999999,24.0,32.5,33.0,96,deficit,-393482431815.7611,1.0454545454545454,-0.045454545454545414
355,22,12,2020,13.016399999999988,24.0,34.0,30.0,95,deficit,-1190980394334.5024,1.0434782608695652,-0.04347826086956519
356,23,12,2020,14.880299999999986,23.5,35.0,17.0,96,deficit,-1285008150171.7893,1.0416666666666667,-0.04166666666666674
357,24,12,2020,11.864999999999984,25.0,34.0,43.0,97,deficit,-1259142433424.9053,1.04,-0.040000000000000036
358,25,12,2020,14.668499999999987,25.0,35.0,15.0,96,deficit,-1350027338153.0173,1.0384615384615385,-0.03846153846153855
359,26,12,2020,15.450299999999983,20.0,34.0,2.0,86,deficit,-1015812842702.3757,1.037037037037037,-0.03703703703703698
360,27,12,2020,14.923799999999984,20.0,35.1,2.0,88,deficit,-1174151594684.2883,1.0357142857142858,-0.03571428571428581
361,28,12,2020,12.586799999999984,20.0,34.0,8.0,90,deficit,-1487445302085.6348,1.0344827586206897,-0.034482758620689724
362,29,12,2020,13.144799999999986,21.0,34.0,4.0,93,deficit,-1326617815068.7717,1.0333333333333334,-0.03333333333333344
363,30,12,2020,12.416699999999988,21.0,34.0,10.0,95,deficit,-1333169808868.9104,1.032258064516129,-0.032258064516129004
364,31,12,2020,12.75599999999999,21.0,35.0,8.0,94,deficit,-1912333735449.6816,1.03125,-0.03125
