,Day,Month,Year,SolRadiation (MJ/m²/day),TempMin (°C),TempMax (°C),RelHumMin (%),RelHumMax (%),net radiation name,net radiation,surplus,deficit
0,1,1,2021,13.9038,23.5,34.0,25,94,surplus,2123515546.1113386,1.5,-0.5
1,2,1,2021,10.6242,25.0,32.5,40,94,surplus,5552040195.343872,1.3333333333333333,-0.33333333333333326
2,3,1,2021,10.0185,25.0,34.0,43,96,surplus,3979248425.1206117,1.25,-0.25
3,4,1,2021,12.3033,25.0,35.1,29,91,surplus,861362044.475491,1.2,-0.19999999999999996
4,5,1,2021,14.5065,23.0,29.5,38,95,deficit,-6322766021.419855,1.1666666666666667,-0.16666666666666674
5,6,1,2021,13.1997,23.0,30.0,41,79,surplus,2587664537.9264183,1.1428571428571428,-0.1428571428571428
6,7,1,2021,13.1019,22.0,34.1,37,95,deficit,-25400250090.139366,1.125,-0.125
7,8,1,2021,14.3352,23.0,35.0,20,94,deficit,-26030023205.33869,1.1111111111111112,-0.11111111111111116
8,9,1,2021,14.9055,24.0,35.1,20,95,surplus,11109608438.562874,1.1,-0.10000000000000009
9,10,1,2021,11.6763,25.0,33.0,33,97,deficit,-15674591418.778784,1.0909090909090908,-0.09090909090909083
10,11,1,2021,12.4029,24.5,28.5,34,99,deficit,-103662320717.80539,1.0833333333333333,-0.08333333333333326
11,12,1,2021,13.8192,23.0,35.0,14,95,deficit,-104085747191.2343,1.0769230769230769,-0.07692307692307687
12,13,1,2021,14.0559,23.0,34.0,18,96,deficit,-73923115999.23372,1.0714285714285714,-0.0714285714285714
13,14,1,2021,14.9985,26.0,35.0,16,94,deficit,-138074083635.93588,1.0666666666666667,-0.06666666666666665
14,15,1,2021,15.2619,26.0,36.0,10,93,deficit,-299804893518.09906,1.0625,-0.0625
15,16,1,2021,13.9302,23.0,34.0,4,95,deficit,-198750021611.98203,1.0588235294117647,-0.05882352941176472
16,17,1,2021,12.4896,24.0,33.0,16,95,deficit,-60772820658.74433,1.0555555555555556,-0.05555555555555558
17,18,1,2021,10.6422,23.0,32.1,37,94,deficit,-275500313091.6145,1.0526315789473684,-0.05263157894736836
18,19,1,2021,12.3627,24.0,33.0,15,94,deficit,-746518316444.263,1.05,-0.050000000000000044
19,20,1,2021,12.5832,23.0,33.0,2,65,deficit,-573379355134.877,1.0476190476190477,-0.04761904761904767
20,21,1,2021,12.4695,25.0,33.0,2,85,deficit,-1045592101654.2222,1.0454545454545454,-0.045454545454545414
21,22,1,2021,10.6395,19.0,32.0,5,58,deficit,-1185812687627.8193,1.0434782608695652,-0.04347826086956519
22,23,1,2021,11.1276,19.0,34.0,2,60,deficit,-961993176483.7065,1.0416666666666667,-0.04166666666666674
23,24,1,2021,11.544,19.5,35.2,4,91,deficit,-605423684249.5337,1.04,-0.040000000000000036
24,25,1,2021,10.806,19.5,34.0,22,95,deficit,-402554379815.88354,1.0384615384615385,-0.03846153846153855
25,26,1,2021,12.4581,26.0,35.5,12,95,deficit,-432101420804.5194,1.037037037037037,-0.03703703703703698
26,27,1,2021,12.6993,23.5,34.0,22,94,deficit,-352608306294.3504,1.0357142857142858,-0.03571428571428581
27,28,1,2021,11.3673,23.5,34.0,26,94,deficit,-518488694600.30005,1.0344827586206897,-0.034482758620689724
28,29,1,2021,12.0021,24.0,36.0,17,96,deficit,-640427770565.114,1.0333333333333334,-0.03333333333333344
29,30,1,2021,12.0912,24.5,34.5,15,95,deficit,-820237988491.0171,1.032258064516129,-0.032258064516129004
30,31,1,2021,12.1308,23.5,34.5,15,94,deficit,-578909409868.5333,1.03125,-0.03125
31,1,2,2021,12.1593,23.5,35.0,21,96,surplus,2123515546.1113386,1.5,-0.5
32,2,2,2021,12.1911,24.0,33.5,9,92,surplus,5552040195.343872,1.3333333333333333,-0.33333333333333326
33,3,2,2021,12.165,24.0,36.0,20,96,surplus,3979248425.1206117,1.25,-0.25
34,4,2,2021,13.0461,24.5,36.5,8,97,surplus,861362044.475491,1.2,-0.19999999999999996
35,5,2,2021,11.5248,24.5,34.5,23,95,deficit,-6322766021.419855,1.1666666666666667,-0.16666666666666674
36,6,2,2021,11.4015,24.5,35.0,19,95,surplus,2587664537.9264183,1.1428571428571428,-0.1428571428571428
37,7,2,2021,13.2411,25.0,36.0,12,95,deficit,-25400250090.139366,1.125,-0.125
38,8,2,2021,13.0029,25.0,36.5,4,93,deficit,-26030023205.33869,1.1111111111111112,-0.11111111111111116
39,9,2,2021,14.9097,24.5,36.0,9,95,surplus,11109608438.562874,1.1,-0.10000000000000009
40,10,2,2021,12.2832,24.5,35.0,31,95,deficit,-15674591418.778784,1.0909090909090908,-0.09090909090909083
41,11,2,2021,10.098,25.0,34.9,38,95,deficit,-103662320717.80539,1.0833333333333333,-0.08333333333333326
42,12,2,2021,12.7371,25.0,36.0,24,95,deficit,-104085747191.2343,1.0769230769230769,-0.07692307692307687
43,13,2,2021,11.2986,25.0,36.0,25,95,deficit,-73923115999.23372,1.0714285714285714,-0.0714285714285714
44,14,2,2021,11.1507,25.0,35.5,26,95,deficit,-138074083635.93588,1.0666666666666667,-0.06666666666666665
45,15,2,2021,12.2268,25.0,35.5,21,95,deficit,-299804893518.09906,1.0625,-0.0625
46,16,2,2021,9.81029999999999,25.2,34.5,31,94,deficit,-198750021611.98203,1.0588235294117647,-0.05882352941176472
47,17,2,2021,13.3632,25.0,35.0,5,83,deficit,-60772820658.74433,1.0555555555555556,-0.05555555555555558
48,18,2,2021,12.8955,22.5,35.1,12,88,deficit,-275500313091.6145,1.0526315789473684,-0.05263157894736836
49,19,2,2021,12.5466,22.0,34.5,7,27,deficit,-746518316444.263,1.05,-0.050000000000000044
50,20,2,2021,12.1947,20.5,34.0,8,66,deficit,-573379355134.877,1.0476190476190477,-0.04761904761904767
51,21,2,2021,11.0763,21.0,35.0,5,75,deficit,-1045592101654.2222,1.0454545454545454,-0.045454545454545414
52,22,2,2021,10.9137,19.5,35.0,7,94,deficit,-1185812687627.8193,1.0434782608695652,-0.04347826086956519
53,23,2,2021,10.6545,21.5,34.5,19,98,deficit,-961993176483.7065,1.0416666666666667,-0.04166666666666674
54,24,2,2021,10.3068,24.0,35.0,29,95,deficit,-605423684249.5337,1.04,-0.040000000000000036
55,25,2,2021,10.6197,24.5,35.0,37,98,deficit,-402554379815.88354,1.0384615384615385,-0.03846153846153855
56,26,2,2021,12.8898,24.5,35.0,25,95,deficit,-432101420804.5194,1.037037037037037,-0.03703703703703698
57,27,2,2021,11.7783,24.0,34.5,18,92,deficit,-352608306294.3504,1.0357142857142858,-0.03571428571428581
58,28,2,2021,13.1889,23.0,36.0,15,99,deficit,-518488694600.30005,1.0344827586206897,-0.034482758620689724
59,1,3,2021,12.8094,23.0,36.0,29,97,surplus,2123515546.1113386,1.5,-0.5
60,2,3,2021,13.725,24.0,37.0,10,99,surplus,5552040195.343872,1.3333333333333333,-0.33333333333333326
61,3,3,2021,13.5429,24.0,37.0,10,97,surplus,3979248425.1206117,1.25,-0.25
62,4,3,2021,12.7566,24.5,37.0,16,98,surplus,861362044.475491,1.2,-0.19999999999999996
63,5,3,2021,11.2137,25.0,36.5,22,95,deficit,-6322766021.419855,1.1666666666666667,-0.16666666666666674
64,6,3,2021,12.4194,25.5,36.0,30,93,surplus,2587664537.9264183,1.1428571428571428,-0.1428571428571428
65,7,3,2021,13.7892,25.5,37.0,17,95,deficit,-25400250090.139366,1.125,-0.125
66,8,3,2021,13.8951,25.0,37.0,18,96,deficit,-26030023205.33869,1.1111111111111112,-0.11111111111111116
67,9,3,2021,11.6928,26.5,36.2,28,96,surplus,11109608438.562874,1.1,-0.10000000000000009
68,10,3,2021,11.3814,25.2,36.0,30,100,deficit,-15674591418.778784,1.0909090909090908,-0.09090909090909083
69,11,3,2021,14.349,24.0,33.0,45,96,deficit,-103662320717.80539,1.0833333333333333,-0.08333333333333326
70,12,3,2021,14.1993,24.0,34.5,39,95,deficit,-104085747191.2343,1.0769230769230769,-0.07692307692307687
71,13,3,2021,12.5265,24.0,34.0,41,95,deficit,-73923115999.23372,1.0714285714285714,-0.0714285714285714
72,14,3,2021,7.74509999999999,23.0,30.0,71,99,deficit,-138074083635.93588,1.0666666666666667,-0.06666666666666665
73,15,3,2021,15.1566,23.5,34.5,18,98,deficit,-299804893518.09906,1.0625,-0.0625
74,16,3,2021,11.4504,23.5,32.8,46,95,deficit,-198750021611.98203,1.0588235294117647,-0.05882352941176472
75,17,3,2021,8.54459999999999,25.0,29.0,65,97,deficit,-60772820658.74433,1.0555555555555556,-0.05555555555555558
76,18,3,2021,4.71599999999999,24.0,28.0,72,98,deficit,-275500313091.6145,1.0526315789473684,-0.05263157894736836
77,19,3,2021,11.9766,22.1,31.5,45,97,deficit,-746518316444.263,1.05,-0.050000000000000044
78,20,3,2021,13.0788,22.0,33.0,42,98,deficit,-573379355134.877,1.0476190476190477,-0.04761904761904767
79,21,3,2021,16.4511,21.5,32.0,51,95,deficit,-1045592101654.2222,1.0454545454545454,-0.045454545454545414
80,22,3,2021,13.3473,21.1,34.0,44,90,deficit,-1185812687627.8193,1.0434782608695652,-0.04347826086956519
81,23,3,2021,5.85839999999999,23.0,29.5,72,98,deficit,-961993176483.7065,1.0416666666666667,-0.04166666666666674
82,24,3,2021,6.96899999999999,21.5,27.5,75,96,deficit,-605423684249.5337,1.04,-0.040000000000000036
83,25,3,2021,11.9553,22.1,31.0,56,97,deficit,-402554379815.88354,1.0384615384615385,-0.03846153846153855
84,26,3,2021,17.7639,23.0,35.0,30,94,deficit,-432101420804.5194,1.037037037037037,-0.03703703703703698
85,27,3,2021,14.7681,22.5,34.5,37,95,deficit,-352608306294.3504,1.0357142857142858,-0.03571428571428581
86,28,3,2021,15.6303,25.0,34.5,25,96,deficit,-518488694600.30005,1.0344827586206897,-0.034482758620689724
87,29,3,2021,15.1812,24.2,35.2,16,99,deficit,-640427770565.114,1.0333333333333334,-0.03333333333333344
88,30,3,2021,13.605,24.0,34.5,25,99,deficit,-820237988491.0171,1.032258064516129,-0.032258064516129004
89,31,3,2021,13.6125,25.5,35.5,20,98,deficit,-578909409868.5333,1.03125,-0.03125
90,1,4,2021,13.7406,25.5,35.0,18,98,surplus,2123515546.1113386,1.5,-0.5
91,2,4,2021,16.0077,25.5,36.5,6,94,surplus,5552040195.343872,1.3333333333333333,-0.33333333333333326
92,3,4,2021,10.7034,25.5,34.0,31,95,surplus,3979248425.1206117,1.25,-0.25
93,4,4,2021,14.9145,25.5,35.1,32,94,surplus,861362044.475491,1.2,-0.19999999999999996
94,5,4,2021,15.7941,25.5,35.1,25,96,deficit,-6322766021.419855,1.1666666666666667,-0.16666666666666674
95,6,4,2021,15.2553,27.0,31.2,30,95,surplus,2587664537.9264183,1.1428571428571428,-0.1428571428571428
96,7,4,2021,17.1108,25.0,36.0,36,95,deficit,-25400250090.139366,1.125,-0.125
97,8,4,2021,15.309,25.0,35.1,40,98,deficit,-26030023205.33869,1.1111111111111112,-0.11111111111111116
98,9,4,2021,11.6724,24.5,31.0,53,95,surplus,11109608438.562874,1.1,-0.10000000000000009
99,10,4,2021,16.7619,23.5,35.0,40,94,deficit,-15674591418.778784,1.0909090909090908,-0.09090909090909083
100,11,4,2021,14.5584,22.0,35.0,38,93,deficit,-103662320717.80539,1.0833333333333333,-0.08333333333333326
101,12,4,2021,16.9218,23.0,35.5,10,95,deficit,-104085747191.2343,1.0769230769230769,-0.07692307692307687
102,13,4,2021,16.4685,24.0,34.5,37,93,deficit,-73923115999.23372,1.0714285714285714,-0.0714285714285714
103,14,4,2021,15.6687,24.0,34.5,34,97,deficit,-138074083635.93588,1.0666666666666667,-0.06666666666666665
104,15,4,2021,17.1855,22.0,34.5,40,100,deficit,-299804893518.09906,1.0625,-0.0625
105,16,4,2021,15.0069,23.5,34.0,52,96,deficit,-198750021611.98203,1.0588235294117647,-0.05882352941176472
106,17,4,2021,13.8363,23.5,32.0,55,100,deficit,-60772820658.74433,1.0555555555555556,-0.05555555555555558
107,18,4,2021,3.70499999999999,21.5,25.5,84,100,deficit,-275500313091.6145,1.0526315789473684,-0.05263157894736836
108,19,4,2021,17.448,22.0,32.0,51,95,deficit,-746518316444.263,1.05,-0.050000000000000044
109,20,4,2021,16.5096,22.5,32.0,51,97,deficit,-573379355134.877,1.0476190476190477,-0.04761904761904767
110,21,4,2021,15.9981,24.0,34.5,46,98,deficit,-1045592101654.2222,1.0454545454545454,-0.045454545454545414
111,22,4,2021,9.30689999999999,23.0,29.5,60,98,deficit,-1185812687627.8193,1.0434782608695652,-0.04347826086956519
112,23,4,2021,18.2211,23.1,34.0,46,100,deficit,-961993176483.7065,1.0416666666666667,-0.04166666666666674
113,24,4,2021,12.108,24.0,32.0,61,100,deficit,-605423684249.5337,1.04,-0.040000000000000036
114,25,4,2021,12.9279,25.0,31.5,62,99,deficit,-402554379815.88354,1.0384615384615385,-0.03846153846153855
115,26,4,2021,16.6848,25.0,33.5,49,96,deficit,-432101420804.5194,1.037037037037037,-0.03703703703703698
116,27,4,2021,9.55259999999999,24.8,32.2,60,97,deficit,-352608306294.3504,1.0357142857142858,-0.03571428571428581
117,28,4,2021,12.8745,22.5,30.0,55,96,deficit,-518488694600.30005,1.0344827586206897,-0.034482758620689724
118,29,4,2021,16.8285,22.8,31.5,47,98,deficit,-640427770565.114,1.0333333333333334,-0.03333333333333344
119,30,4,2021,16.7178,23.0,34.0,43,96,deficit,-820237988491.0171,1.032258064516129,-0.032258064516129004
120,1,5,2021,18.441,24.5,33.5,49,97,surplus,2123515546.1113386,1.5,-0.5
121,2,5,2021,15.0351,26.0,33.0,50,97,surplus,5552040195.343872,1.3333333333333333,-0.33333333333333326
122,3,5,2021,13.3284,26.0,32.5,52,98,surplus,3979248425.1206117,1.25,-0.25
123,4,5,2021,13.1091,23.1,31.5,56,96,surplus,861362044.475491,1.2,-0.19999999999999996
124,5,5,2021,13.5879,23.0,33.0,45,98,deficit,-6322766021.419855,1.1666666666666667,-0.16666666666666674
125,6,5,2021,16.3944,25.0,30.1,50,97,surplus,2587664537.9264183,1.1428571428571428,-0.1428571428571428
126,7,5,2021,8.58869999999999,25.0,32.5,54,99,deficit,-25400250090.139366,1.125,-0.125
127,8,5,2021,12.8481,21.5,29.5,60,97,deficit,-26030023205.33869,1.1111111111111112,-0.11111111111111116
128,9,5,2021,12.4146,22.5,29.5,60,98,surplus,11109608438.562874,1.1,-0.10000000000000009
129,10,5,2021,17.8611,22.5,32.5,50,97,deficit,-15674591418.778784,1.0909090909090908,-0.09090909090909083
130,11,5,2021,13.3908,23.5,32.5,49,96,deficit,-103662320717.80539,1.0833333333333333,-0.08333333333333326
131,12,5,2021,12.3888,24.2,32.5,54,98,deficit,-104085747191.2343,1.0769230769230769,-0.07692307692307687
132,13,5,2021,13.7199,23.2,32.1,54,96,deficit,-73923115999.23372,1.0714285714285714,-0.0714285714285714
133,14,5,2021,17.0217,22.5,33.0,41,98,deficit,-138074083635.93588,1.0666666666666667,-0.06666666666666665
134,15,5,2021,11.8254,23.5,33.0,50,99,deficit,-299804893518.09906,1.0625,-0.0625
135,16,5,2021,13.6815,22.2,31.5,56,98,deficit,-198750021611.98203,1.0588235294117647,-0.05882352941176472
136,17,5,2021,13.5618,23.0,32.0,56,98,deficit,-60772820658.74433,1.0555555555555556,-0.05555555555555558
137,18,5,2021,12.4263,25.0,31.5,60,99,deficit,-275500313091.6145,1.0526315789473684,-0.05263157894736836
138,19,5,2021,15.9855,24.0,32.5,50,96,deficit,-746518316444.263,1.05,-0.050000000000000044
139,20,5,2021,10.596,24.2,31.1,62,98,deficit,-573379355134.877,1.0476190476190477,-0.04761904761904767
140,21,5,2021,10.9038,24.0,32.1,52,99,deficit,-1045592101654.2222,1.0454545454545454,-0.045454545454545414
141,22,5,2021,7.44119999999999,21.0,26.0,70,97,deficit,-1185812687627.8193,1.0434782608695652,-0.04347826086956519
142,23,5,2021,19.2993,22.0,32.0,46,96,deficit,-961993176483.7065,1.0416666666666667,-0.04166666666666674
143,24,5,2021,16.0827,21.5,32.1,55,97,deficit,-605423684249.5337,1.04,-0.040000000000000036
144,25,5,2021,14.1891,24.0,32.5,56,96,deficit,-402554379815.88354,1.0384615384615385,-0.03846153846153855
145,26,5,2021,14.3943,24.0,32.5,53,97,deficit,-432101420804.5194,1.037037037037037,-0.03703703703703698
146,27,5,2021,14.6778,24.5,32.5,48,98,deficit,-352608306294.3504,1.0357142857142858,-0.03571428571428581
147,28,5,2021,12.6381,24.5,32.5,56,98,deficit,-518488694600.30005,1.0344827586206897,-0.034482758620689724
148,29,5,2021,13.5393,24.5,32.5,52,98,deficit,-640427770565.114,1.0333333333333334,-0.03333333333333344
149,30,5,2021,13.8414,25.0,29.0,49,98,deficit,-820237988491.0171,1.032258064516129,-0.032258064516129004
150,31,5,2021,15.2502,25.0,34.0,47,100,deficit,-578909409868.5333,1.03125,-0.03125
151,1,6,2021,14.9814,21.0,30.0,65,96,surplus,2123515546.1113386,1.5,-0.5
152,2,6,2021,13.6341,22.0,31.0,54,96,surplus,5552040195.343872,1.3333333333333333,-0.33333333333333326
153,3,6,2021,14.886,24.0,32.0,58,100,surplus,3979248425.1206117,1.25,-0.25
154,4,6,2021,11.3355,19.5,28.5,75,97,surplus,861362044.475491,1.2,-0.19999999999999996
155,5,6,2021,8.28779999999999,20.5,26.5,74,98,deficit,-6322766021.419855,1.1666666666666667,-0.16666666666666674
156,6,6,2021,14.6484,22.0,31.0,55,98,surplus,2587664537.9264183,1.1428571428571428,-0.1428571428571428
157,7,6,2021,15.4239,22.5,31.5,50,98,deficit,-25400250090.139366,1.125,-0.125
158,8,6,2021,4.04009999999999,22.0,26.5,82,96,deficit,-26030023205.33869,1.1111111111111112,-0.11111111111111116
159,9,6,2021,9.4458,22.1,29.5,63,97,surplus,11109608438.562874,1.1,-0.10000000000000009
160,10,6,2021,16.5471,22.0,30.5,56,96,deficit,-15674591418.778784,1.0909090909090908,-0.09090909090909083
161,11,6,2021,10.0653,22.5,29.0,66,98,deficit,-103662320717.80539,1.0833333333333333,-0.08333333333333326
162,12,6,2021,16.7196,21.5,31.0,53,96,deficit,-104085747191.2343,1.0769230769230769,-0.07692307692307687
163,13,6,2021,13.6785,22.5,29.5,64,97,deficit,-73923115999.23372,1.0714285714285714,-0.0714285714285714
164,14,6,2021,11.6265,23.0,30.0,57,97,deficit,-138074083635.93588,1.0666666666666667,-0.06666666666666665
165,15,6,2021,14.2356,25.0,32.0,52,94,deficit,-299804893518.09906,1.0625,-0.0625
166,16,6,2021,14.7876,23.0,32.0,45,97,deficit,-198750021611.98203,1.0588235294117647,-0.05882352941176472
167,17,6,2021,15.8715,23.0,32.0,48,98,deficit,-60772820658.74433,1.0555555555555556,-0.05555555555555558
168,18,6,2021,11.6007,24.0,32.0,45,96,deficit,-275500313091.6145,1.0526315789473684,-0.05263157894736836
169,19,6,2021,13.3335,24.0,31.0,60,96,deficit,-746518316444.263,1.05,-0.050000000000000044
170,20,6,2021,6.70199999999999,25.0,27.5,80,97,deficit,-573379355134.877,1.0476190476190477,-0.04761904761904767
171,21,6,2021,12.3549,22.5,29.5,60,98,deficit,-1045592101654.2222,1.0454545454545454,-0.045454545454545414
172,22,6,2021,8.73659999999999,22.5,28.5,70,99,deficit,-1185812687627.8193,1.0434782608695652,-0.04347826086956519
173,23,6,2021,12.4842,22.0,29.5,68,99,deficit,-961993176483.7065,1.0416666666666667,-0.04166666666666674
174,24,6,2021,13.8654,20.5,30.5,63,98,deficit,-605423684249.5337,1.04,-0.040000000000000036
175,25,6,2021,14.4654,20.5,32.5,51,99,deficit,-402554379815.88354,1.0384615384615385,-0.03846153846153855
176,26,6,2021,6.77099999999999,20.5,25.2,85,98,deficit,-432101420804.5194,1.037037037037037,-0.03703703703703698
177,27,6,2021,12.5043,21.1,30.0,60,100,deficit,-352608306294.3504,1.0357142857142858,-0.03571428571428581
178,28,6,2021,14.5287,22.0,30.5,55,100,deficit,-518488694600.30005,1.0344827586206897,-0.034482758620689724
179,29,6,2021,9.21719999999999,20.5,28.5,62,99,deficit,-640427770565.114,1.0333333333333334,-0.03333333333333344
180,30,6,2021,14.007,23.0,30.1,62,99,deficit,-820237988491.0171,1.032258064516129,-0.032258064516129004
181,1,7,2021,11.9616,23.0,29.5,60,99,surplus,2123515546.1113386,1.5,-0.5
182,2,7,2021,9.04829999999999,22.5,29.5,72,99,surplus,5552040195.343872,1.3333333333333333,-0.33333333333333326
183,3,7,2021,10.0047,23.2,29.5,69,96,surplus,3979248425.1206117,1.25,-0.25
184,4,7,2021,8.28779999999999,21.0,26.2,79,98,surplus,861362044.475491,1.2,-0.19999999999999996
185,5,7,2021,17.4405,21.0,30.5,58,96,deficit,-6322766021.419855,1.1666666666666667,-0.16666666666666674
186,6,7,2021,15.0924,21.5,30.8,58,98,surplus,2587664537.9264183,1.1428571428571428,-0.1428571428571428
187,7,7,2021,15.9492,21.2,29.2,61,96,deficit,-25400250090.139366,1.125,-0.125
188,8,7,2021,12.306,21.5,28.5,75,97,deficit,-26030023205.33869,1.1111111111111112,-0.11111111111111116
189,9,7,2021,5.28689999999999,23.5,26.5,95,99,surplus,11109608438.562874,1.1,-0.10000000000000009
190,10,7,2021,15.6075,23.0,29.8,60,97,deficit,-15674591418.778784,1.0909090909090908,-0.09090909090909083
191,11,7,2021,12.8907,23.2,29.0,65,98,deficit,-103662320717.80539,1.0833333333333333,-0.08333333333333326
192,12,7,2021,11.3892,23.0,29.0,70,100,deficit,-104085747191.2343,1.0769230769230769,-0.07692307692307687
193,13,7,2021,14.1555,21.5,29.5,66,97,deficit,-73923115999.23372,1.0714285714285714,-0.0714285714285714
194,14,7,2021,10.5021,22.2,28.5,68,97,deficit,-138074083635.93588,1.0666666666666667,-0.06666666666666665
195,15,7,2021,10.6113,23.2,29.0,67,95,deficit,-299804893518.09906,1.0625,-0.0625
196,16,7,2021,4.23539999999999,23.5,26.0,76,98,deficit,-198750021611.98203,1.0588235294117647,-0.05882352941176472
197,17,7,2021,11.3799,22.0,28.5,66,96,deficit,-60772820658.74433,1.0555555555555556,-0.05555555555555558
198,18,7,2021,11.3895,23.0,28.5,71,97,deficit,-275500313091.6145,1.0526315789473684,-0.05263157894736836
199,19,7,2021,10.647,23.0,28.0,75,98,deficit,-746518316444.263,1.05,-0.050000000000000044
200,20,7,2021,5.84489999999999,22.5,26.1,90,98,deficit,-573379355134.877,1.0476190476190477,-0.04761904761904767
201,21,7,2021,10.5639,23.0,28.1,68,97,deficit,-1045592101654.2222,1.0454545454545454,-0.045454545454545414
202,22,7,2021,13.5849,22.0,29.0,62,97,deficit,-1185812687627.8193,1.0434782608695652,-0.04347826086956519
203,23,7,2021,9.27059999999998,22.0,29.0,62,97,deficit,-961993176483.7065,1.0416666666666667,-0.04166666666666674
204,24,7,2021,14.3616,22.2,28.0,67,97,deficit,-605423684249.5337,1.04,-0.040000000000000036
205,25,7,2021,13.5003,23.0,30.0,58,98,deficit,-402554379815.88354,1.0384615384615385,-0.03846153846153855
206,26,7,2021,6.20759999999999,23.1,27.0,77,97,deficit,-432101420804.5194,1.037037037037037,-0.03703703703703698
207,27,7,2021,4.89569999999999,22.1,26.1,78,97,deficit,-352608306294.3504,1.0357142857142858,-0.03571428571428581
208,28,7,2021,11.0028,22.2,29.8,60,96,deficit,-518488694600.30005,1.0344827586206897,-0.034482758620689724
209,29,7,2021,10.593,21.5,28.5,68,97,deficit,-640427770565.114,1.0333333333333334,-0.03333333333333344
210,30,7,2021,9.88859999999998,21.5,28.5,68,95,deficit,-820237988491.0171,1.032258064516129,-0.032258064516129004
211,31,7,2021,10.9608,23.0,29.6,61,94,deficit,-578909409868.5333,1.03125,-0.03125
212,1,8,2021,8.42999999999999,23.1,28.0,68,95,surplus,2123515546.1113386,1.5,-0.5
213,2,8,2021,7.44959999999999,23.0,28.0,77,95,surplus,5552040195.343872,1.3333333333333333,-0.33333333333333326
214,3,8,2021,12.2454,23.0,26.5,66,95,surplus,3979248425.1206117,1.25,-0.25
215,4,8,2021,8.35919999999999,23.1,30.5,72,97,surplus,861362044.475491,1.2,-0.19999999999999996
216,5,8,2021,5.76959999999999,22.0,29.0,75,96,deficit,-6322766021.419855,1.1666666666666667,-0.16666666666666674
217,6,8,2021,11.2221,21.5,29.0,67,94,surplus,2587664537.9264183,1.1428571428571428,-0.1428571428571428
218,7,8,2021,7.38329999999999,23.0,28.0,75,95,deficit,-25400250090.139366,1.125,-0.125
219,8,8,2021,10.0464,21.5,26.5,75,96,deficit,-26030023205.33869,1.1111111111111112,-0.11111111111111116
220,9,8,2021,8.74499999999999,21.5,28.6,71,95,surplus,11109608438.562874,1.1,-0.10000000000000009
221,10,8,2021,8.06549999999999,23.0,27.5,75,95,deficit,-15674591418.778784,1.0909090909090908,-0.09090909090909083
222,11,8,2021,5.99789999999999,23.0,26.0,85,96,deficit,-103662320717.80539,1.0833333333333333,-0.08333333333333326
223,12,8,2021,9.19799999999999,23.5,28.0,78,96,deficit,-104085747191.2343,1.0769230769230769,-0.07692307692307687
224,13,8,2021,7.93859999999999,23.0,27.0,78,95,deficit,-73923115999.23372,1.0714285714285714,-0.0714285714285714
225,14,8,2021,10.6917,23.0,29.0,75,97,deficit,-138074083635.93588,1.0666666666666667,-0.06666666666666665
226,15,8,2021,12.7365,22.0,29.0,80,96,deficit,-299804893518.09906,1.0625,-0.0625
227,16,8,2021,11.8785,23.0,28.0,65,96,deficit,-198750021611.98203,1.0588235294117647,-0.05882352941176472
228,17,8,2021,7.49609999999999,23.0,26.0,77,96,deficit,-60772820658.74433,1.0555555555555556,-0.05555555555555558
229,18,8,2021,7.91879999999999,23.0,27.5,80,96,deficit,-275500313091.6145,1.0526315789473684,-0.05263157894736836
230,19,8,2021,10.5303,23.5,27.5,72,96,deficit,-746518316444.263,1.05,-0.050000000000000044
231,20,8,2021,9.36269999999998,23.0,27.5,76,97,deficit,-573379355134.877,1.0476190476190477,-0.04761904761904767
232,21,8,2021,7.78859999999999,23.0,26.0,84,98,deficit,-1045592101654.2222,1.0454545454545454,-0.045454545454545414
233,22,8,2021,13.3665,23.0,30.0,68,97,deficit,-1185812687627.8193,1.0434782608695652,-0.04347826086956519
234,23,8,2021,12.2325,22.1,29.5,60,97,deficit,-961993176483.7065,1.0416666666666667,-0.04166666666666674
235,24,8,2021,9.03809999999999,21.8,29.0,84,98,deficit,-605423684249.5337,1.04,-0.040000000000000036
236,25,8,2021,10.644,20.5,28.5,78,97,deficit,-402554379815.88354,1.0384615384615385,-0.03846153846153855
237,26,8,2021,12.2136,21.5,30.0,70,96,deficit,-432101420804.5194,1.037037037037037,-0.03703703703703698
238,27,8,2021,7.41899999999999,23.0,28.0,81,97,deficit,-352608306294.3504,1.0357142857142858,-0.03571428571428581
239,28,8,2021,13.2702,22.0,30.2,78,97,deficit,-518488694600.30005,1.0344827586206897,-0.034482758620689724
240,29,8,2021,13.2411,22.1,30.1,65,97,deficit,-640427770565.114,1.0333333333333334,-0.03333333333333344
241,30,8,2021,7.55429999999999,24.0,27.0,88,98,deficit,-820237988491.0171,1.032258064516129,-0.032258064516129004
242,31,8,2021,14.3976,23.0,31.0,61,97,deficit,-578909409868.5333,1.03125,-0.03125
243,1,9,2021,15.0672,21.5,30.0,66,99,surplus,2123515546.1113386,1.5,-0.5
244,2,9,2021,12.1887,21.0,28.0,75,96,surplus,5552040195.343872,1.3333333333333333,-0.33333333333333326
245,3,9,2021,9.64649999999999,22.0,28.0,75,98,surplus,3979248425.1206117,1.25,-0.25
246,4,9,2021,11.7555,22.1,29.5,55,97,surplus,861362044.475491,1.2,-0.19999999999999996
247,5,9,2021,12.2601,21.5,29.5,67,96,deficit,-6322766021.419855,1.1666666666666667,-0.16666666666666674
248,6,9,2021,12.5286,21.2,29.0,62,97,surplus,2587664537.9264183,1.1428571428571428,-0.1428571428571428
249,7,9,2021,14.1927,23.2,31.5,58,93,deficit,-25400250090.139366,1.125,-0.125
250,8,9,2021,10.7379,23.5,29.2,68,94,deficit,-26030023205.33869,1.1111111111111112,-0.11111111111111116
251,9,9,2021,12.8418,22.0,31.5,55,95,surplus,11109608438.562874,1.1,-0.10000000000000009
252,10,9,2021,12.762,21.0,29.5,71,97,deficit,-15674591418.778784,1.0909090909090908,-0.09090909090909083
253,11,9,2021,11.3553,21.0,28.5,70,92,deficit,-103662320717.80539,1.0833333333333333,-0.08333333333333326
254,12,9,2021,12.5439,23.5,30.0,71,95,deficit,-104085747191.2343,1.0769230769230769,-0.07692307692307687
255,13,9,2021,6.74399999999999,22.0,25.0,77,92,deficit,-73923115999.23372,1.0714285714285714,-0.0714285714285714
256,14,9,2021,11.0625,21.2,28.0,65,93,deficit,-138074083635.93588,1.0666666666666667,-0.06666666666666665
257,15,9,2021,10.6524,22.0,30.0,55,94,deficit,-299804893518.09906,1.0625,-0.0625
258,16,9,2021,16.1451,22.1,30.0,56,91,deficit,-198750021611.98203,1.0588235294117647,-0.05882352941176472
259,17,9,2021,16.6632,22.1,31.5,42,91,deficit,-60772820658.74433,1.0555555555555556,-0.05555555555555558
260,18,9,2021,12.8715,22.0,31.5,55,93,deficit,-275500313091.6145,1.0526315789473684,-0.05263157894736836
261,19,9,2021,15.9873,22.0,31.0,58,93,deficit,-746518316444.263,1.05,-0.050000000000000044
262,20,9,2021,15.1458,20.5,30.2,63,93,deficit,-573379355134.877,1.0476190476190477,-0.04761904761904767
263,21,9,2021,10.3323,21.0,29.0,64,93,deficit,-1045592101654.2222,1.0454545454545454,-0.045454545454545414
264,22,9,2021,6.46409999999999,21.2,26.5,76,94,deficit,-1185812687627.8193,1.0434782608695652,-0.04347826086956519
265,23,9,2021,16.7271,22.5,30.0,55,92,deficit,-961993176483.7065,1.0416666666666667,-0.04166666666666674
266,24,9,2021,15.9198,21.3,31.5,55,92,deficit,-605423684249.5337,1.04,-0.040000000000000036
267,25,9,2021,10.0887,22.5,29.5,62,92,deficit,-402554379815.88354,1.0384615384615385,-0.03846153846153855
268,26,9,2021,14.6022,20.5,29.5,55,92,deficit,-432101420804.5194,1.037037037037037,-0.03703703703703698
269,27,9,2021,7.09199999999999,22.0,28.0,67,94,deficit,-352608306294.3504,1.0357142857142858,-0.03571428571428581
270,28,9,2021,14.5011,23.0,31.0,52,94,deficit,-518488694600.30005,1.0344827586206897,-0.034482758620689724
271,29,9,2021,11.0919,24.0,31.0,60,92,deficit,-640427770565.114,1.0333333333333334,-0.03333333333333344
272,30,9,2021,11.0811,24.0,30.1,57,97,deficit,-820237988491.0171,1.032258064516129,-0.032258064516129004
273,1,10,2021,16.2819,23.5,31.0,61,94,surplus,2123515546.1113386,1.5,-0.5
274,2,10,2021,13.0011,23.0,31.0,57,93,surplus,5552040195.343872,1.3333333333333333,-0.33333333333333326
275,3,10,2021,14.1267,21.0,31.2,63,93,surplus,3979248425.1206117,1.25,-0.25
276,4,10,2021,14.6739,24.0,32.0,45,94,surplus,861362044.475491,1.2,-0.19999999999999996
277,5,10,2021,11.8917,22.5,32.0,55,94,deficit,-6322766021.419855,1.1666666666666667,-0.16666666666666674
278,6,10,2021,12.9249,23.5,30.0,55,94,surplus,2587664537.9264183,1.1428571428571428,-0.1428571428571428
279,7,10,2021,13.464,23.0,31.0,60,95,deficit,-25400250090.139366,1.125,-0.125
280,8,10,2021,10.6452,23.0,31.5,58,93,deficit,-26030023205.33869,1.1111111111111112,-0.11111111111111116
281,9,10,2021,13.4163,23.0,30.0,73,95,surplus,11109608438.562874,1.1,-0.10000000000000009
282,10,10,2021,14.0268,22.5,30.5,63,95,deficit,-15674591418.778784,1.0909090909090908,-0.09090909090909083
283,11,10,2021,16.5942,23.5,31.0,50,95,deficit,-103662320717.80539,1.0833333333333333,-0.08333333333333326
284,12,10,2021,14.3928,22.5,32.0,60,95,deficit,-104085747191.2343,1.0769230769230769,-0.07692307692307687
285,13,10,2021,16.7811,22.0,31.0,59,94,deficit,-73923115999.23372,1.0714285714285714,-0.0714285714285714
286,14,10,2021,16.3443,22.5,32.0,55,96,deficit,-138074083635.93588,1.0666666666666667,-0.06666666666666665
287,15,10,2021,13.1796,25.0,31.5,58,95,deficit,-299804893518.09906,1.0625,-0.0625
288,16,10,2021,13.4196,22.5,30.5,59,94,deficit,-198750021611.98203,1.0588235294117647,-0.05882352941176472
289,17,10,2021,10.956,23.0,30.2,67,96,deficit,-60772820658.74433,1.0555555555555556,-0.05555555555555558
290,18,10,2021,17.1723,22.1,29.0,70,95,deficit,-275500313091.6145,1.0526315789473684,-0.05263157894736836
291,19,10,2021,12.3942,23.0,30.5,49,94,deficit,-746518316444.263,1.05,-0.050000000000000044
292,20,10,2021,14.2269,22.2,30.5,48,94,deficit,-573379355134.877,1.0476190476190477,-0.04761904761904767
293,21,10,2021,9.04109999999999,23.5,31.2,62,96,deficit,-1045592101654.2222,1.0454545454545454,-0.045454545454545414
294,22,10,2021,7.54769999999999,23.5,30.0,68,96,deficit,-1185812687627.8193,1.0434782608695652,-0.04347826086956519
295,23,10,2021,17.3823,21.0,27.0,80,96,deficit,-961993176483.7065,1.0416666666666667,-0.04166666666666674
296,24,10,2021,12.1062,21.5,30.5,56,99,deficit,-605423684249.5337,1.04,-0.040000000000000036
297,25,10,2021,17.8767,22.5,31.0,58,95,deficit,-402554379815.88354,1.0384615384615385,-0.03846153846153855
298,26,10,2021,11.7081,22.5,31.0,47,96,deficit,-432101420804.5194,1.037037037037037,-0.03703703703703698
299,27,10,2021,12.3174,23.0,31.2,54,94,deficit,-352608306294.3504,1.0357142857142858,-0.03571428571428581
300,28,10,2021,13.1265,22.5,31.5,46,95,deficit,-518488694600.30005,1.0344827586206897,-0.034482758620689724
301,29,10,2021,14.0106,24.0,31.5,48,94,deficit,-640427770565.114,1.0333333333333334,-0.03333333333333344
302,30,10,2021,13.0704,24.0,31.5,53,94,deficit,-820237988491.0171,1.032258064516129,-0.032258064516129004
303,31,10,2021,16.5096,24.0,32.5,52,95,deficit,-578909409868.5333,1.03125,-0.03125
304,1,11,2021,13.1454,21.5,30.2,60,96,surplus,2123515546.1113386,1.5,-0.5
305,2,11,2021,15.7629,21.5,30.0,65,95,surplus,5552040195.343872,1.3333333333333333,-0.33333333333333326
306,3,11,2021,12.9306,21.5,30.5,42,95,surplus,3979248425.1206117,1.25,-0.25
307,4,11,2021,5.35799999999999,23.0,31.5,50,95,surplus,861362044.475491,1.2,-0.19999999999999996
308,5,11,2021,12.4518,20.0,25.0,82,97,deficit,-6322766021.419855,1.1666666666666667,-0.16666666666666674
309,6,11,2021,13.5645,20.5,30.0,68,96,surplus,2587664537.9264183,1.1428571428571428,-0.1428571428571428
310,7,11,2021,11.9676,21.5,30.5,55,97,deficit,-25400250090.139366,1.125,-0.125
311,8,11,2021,11.5149,22.0,31.5,52,96,deficit,-26030023205.33869,1.1111111111111112,-0.11111111111111116
312,9,11,2021,14.1351,23.0,31.0,62,97,surplus,11109608438.562874,1.1,-0.10000000000000009
313,10,11,2021,12.6657,24.0,32.0,50,94,deficit,-15674591418.778784,1.0909090909090908,-0.09090909090909083
314,11,11,2021,15.5403,24.0,31.0,60,95,deficit,-103662320717.80539,1.0833333333333333,-0.08333333333333326
315,12,11,2021,14.7933,23.0,31.0,59,93,deficit,-104085747191.2343,1.0769230769230769,-0.07692307692307687
316,13,11,2021,15.2154,23.0,32.0,51,94,deficit,-73923115999.23372,1.0714285714285714,-0.0714285714285714
317,14,11,2021,14.2947,24.0,31.2,55,93,deficit,-138074083635.93588,1.0666666666666667,-0.06666666666666665
318,15,11,2021,13.7031,23.5,31.5,57,94,deficit,-299804893518.09906,1.0625,-0.0625
319,16,11,2021,13.82535,23.5,31.5,55,94,deficit,-198750021611.98203,1.0588235294117647,-0.05882352941176472
320,17,11,2021,11.6172,23.5,31.0,52,94,deficit,-60772820658.74433,1.0555555555555556,-0.05555555555555558
321,18,11,2021,14.0397,23.1,31.5,48,94,deficit,-275500313091.6145,1.0526315789473684,-0.05263157894736836
322,19,11,2021,10.4481,24.0,31.8,44,95,deficit,-746518316444.263,1.05,-0.050000000000000044
323,20,11,2021,13.8951,24.0,31.5,56,96,deficit,-573379355134.877,1.0476190476190477,-0.04761904761904767
324,21,11,2021,13.8579,24.0,31.5,45,96,deficit,-1045592101654.2222,1.0454545454545454,-0.045454545454545414
325,22,11,2021,16.794,24.1,31.5,49,95,deficit,-1185812687627.8193,1.0434782608695652,-0.04347826086956519
326,23,11,2021,16.8786,24.5,32.0,40,94,deficit,-961993176483.7065,1.0416666666666667,-0.04166666666666674
327,24,11,2021,16.8603,24.0,32.0,40,95,deficit,-605423684249.5337,1.04,-0.040000000000000036
328,25,11,2021,14.295,24.0,32.0,33,95,deficit,-402554379815.88354,1.0384615384615385,-0.03846153846153855
329,26,11,2021,14.1192,24.2,32.0,32,95,deficit,-432101420804.5194,1.037037037037037,-0.03703703703703698
330,27,11,2021,16.1433,25.0,32.1,30,95,deficit,-352608306294.3504,1.0357142857142858,-0.03571428571428581
331,28,11,2021,13.3266,25.1,33.0,16,94,deficit,-518488694600.30005,1.0344827586206897,-0.034482758620689724
332,29,11,2021,14.508,24.1,30.5,55,92,deficit,-640427770565.114,1.0333333333333334,-0.03333333333333344
333,30,11,2021,14.979,23.0,32.0,23,92,deficit,-820237988491.0171,1.032258064516129,-0.032258064516129004
334,1,12,2021,15.456,23.5,32.5,28,95,surplus,2123515546.1113386,1.5,-0.5
335,2,12,2021,15.4569,24.0,32.2,38,94,surplus,5552040195.343872,1.3333333333333333,-0.33333333333333326
336,3,12,2021,14.6526,24.0,32.5,28,96,surplus,3979248425.1206117,1.25,-0.25
337,4,12,2021,15.2661,24.0,32.0,29,95,surplus,861362044.475491,1.2,-0.19999999999999996
338,5,12,2021,15.0432,24.0,32.0,30,95,deficit,-6322766021.419855,1.1666666666666667,-0.16666666666666674
339,6,12,2021,12.7338,24.0,33.0,17,93,surplus,2587664537.9264183,1.1428571428571428,-0.1428571428571428
340,7,12,2021,12.8247,24.0,32.5,40,94,deficit,-25400250090.139366,1.125,-0.125
341,8,12,2021,16.0548,24.5,32.5,28,95,deficit,-26030023205.33869,1.1111111111111112,-0.11111111111111116
342,9,12,2021,14.0472,23.5,32.5,8,94,surplus,11109608438.562874,1.1,-0.10000000000000009
343,10,12,2021,13.7304,26.5,32.0,19,91,deficit,-15674591418.778784,1.0909090909090908,-0.09090909090909083
344,11,12,2021,13.4805,22.0,32.5,12,91,deficit,-103662320717.80539,1.0833333333333333,-0.08333333333333326
345,12,12,2021,13.4805,22.5,33.0,15,94,deficit,-104085747191.2343,1.0769230769230769,-0.07692307692307687
346,13,12,2021,14.7606,23.0,35.0,21,94,deficit,-73923115999.23372,1.0714285714285714,-0.0714285714285714
347,14,12,2021,14.0058,24.1,34.0,23,95,deficit,-138074083635.93588,1.0666666666666667,-0.06666666666666665
348,15,12,2021,13.3539,24.0,33.5,28,93,deficit,-299804893518.09906,1.0625,-0.0625
349,16,12,2021,14.9337,23.5,32.5,5,85,deficit,-198750021611.98203,1.0588235294117647,-0.05882352941176472
350,17,12,2021,13.4709,20.5,32.0,23,80,deficit,-60772820658.74433,1.0555555555555556,-0.05555555555555558
351,18,12,2021,14.994,24.0,32.0,2,50,deficit,-275500313091.6145,1.0526315789473684,-0.05263157894736836
352,19,12,2021,15.3753,22.0,32.0,7,67,deficit,-746518316444.263,1.05,-0.050000000000000044
353,20,12,2021,16.2753,20.0,28.0,8,37,deficit,-573379355134.877,1.0476190476190477,-0.04761904761904767
354,21,12,2021,15.9654,20.0,28.5,7,61,deficit,-1045592101654.2222,1.0454545454545454,-0.045454545454545414
355,22,12,2021,15.8121,19.5,34.0,7,69,deficit,-1185812687627.8193,1.0434782608695652,-0.04347826086956519
356,23,12,2021,15.2865,20.0,35.0,10,87,deficit,-961993176483.7065,1.0416666666666667,-0.04166666666666674
357,24,12,2021,14.0928,20.0,33.1,20,95,deficit,-605423684249.5337,1.04,-0.040000000000000036
358,25,12,2021,14.9139,20.0,34.0,12,94,deficit,-402554379815.88354,1.0384615384615385,-0.03846153846153855
359,26,12,2021,15.5838,24.0,29.5,10,94,deficit,-432101420804.5194,1.037037037037037,-0.03703703703703698
360,27,12,2021,16.0407,23.0,34.0,5,100,deficit,-352608306294.3504,1.0357142857142858,-0.03571428571428581
361,28,12,2021,15.2298,24.0,33.0,25,90,deficit,-518488694600.30005,1.0344827586206897,-0.034482758620689724
362,29,12,2021,10.6476,23.2,31.0,38,97,deficit,-640427770565.114,1.0333333333333334,-0.03333333333333344
363,30,12,2021,15.1722,22.0,32.1,5,96,deficit,-820237988491.0171,1.032258064516129,-0.032258064516129004
364,31,12,2021,12.6912,22.1,32.0,29,95,deficit,-578909409868.5333,1.03125,-0.03125
